wals_code,1A,2A,3A,4A,5A,6A,7A,8A,9A,10A,10B,11A,12A,13A,14A,15A,16A,17A,18A,19A,20A,21A,21B,22A,23A,24A,25A,25B,26A,27A,28A,29A,30A,31A,32A,33A,34A,35A,36A,37A,38A,39A,39B,40A,41A,42A,43A,44A,45A,46A,47A,48A,49A,50A,51A,52A,53A,54A,55A,56A,57A,58A,58B,59A,60A,61A,62A,63A,64A,65A,66A,67A,68A,69A,70A,71A,72A,73A,74A,75A,76A,77A,78A,79A,79B,80A,81A,81B,82A,83A,84A,85A,86A,87A,88A,89A,90A,90B,90C,90D,90E,90F,90G,91A,92A,93A,94A,95A,96A,97A,98A,99A,100A,101A,102A,103A,104A,105A,106A,107A,108A,108B,109A,109B,110A,111A,112A,113A,114A,115A,116A,117A,118A,119A,120A,121A,122A,123A,124A,125A,126A,127A,128A,129A,130A,130B,131A,132A,133A,134A,135A,136A,136B,137A,137B,138A,139A,140A,141A,142A,143A,143B,143C,143D,143E,143F,143G,144A,144B,144C,144D,144E,144F,144G,144H,144I,144J,144K,144L,144M,144N,144O,144P,144Q,144R,144S,144T,144U,144V,144W,144X,144Y
cmn,1,2,1,1,1,1,1,1,3,2,,1,2,1,2,8,1,1,1,1,,,,,,,,,2,1,3,1,1,1,1,2,3,7,1,2,4,5,,1,3,1,,6,1,1,2,2,3,4,1,2,,2,,,4,,,,,,,,,,,,,2,1,4,4,2,,2,,2,2,4,5,2,1,,1,1,,1,1,1,1,1,1,,1,,,,,1,3,2,,1,2,1,2,2,2,3,5,2,3,2,,1,1,1,3,1,,2,2,3,3,,1,,,,,4,,,1,,3,,,2,2,,1,,,,,,,,,,,,,,1,,,,1,4,4,16,,,,,,,,,,,15,3,,,1,1,1,11,,,,,,
nen,4,2,4,2,1,1,1,2,1,2,,1,3,1,2,8,3,1,1,7,1,2,1,2,3,2,5,2,2,,3,2,1,1,1,2,,8,,,,3,,3,,,,6,,1,,3,6,4,1,3,7,4,1,,2,2,1,1,,,2,2,,2,1,1,4,2,2,4,1,2,2,,2,3,2,4,2,1,1,,1,1,3,1,1,1,1,1,,,,,,,,,,,,1,,1,2,2,2,2,2,4,1,,,1,,,,,,2,3,2,1,,,2,2,2,2,1,,,,,,,,,,,1,,,,,2,2,1,1,,,,,,1,,,,1,4,4,7,3,,,,,,,,,,3,,,,4,4,1,11,,,,,,
kut,4,1,5,1,1,4,6,5,3,2,,1,3,1,6,8,6,1,1,1,1,3,1,3,3,1,5,2,3,3,1,3,1,1,1,1,3,4,4,1,4,3,,2,3,1,,6,1,1,2,1,1,1,9,,,1,1,1,2,1,1,1,4,2,8,,1,2,4,1,4,5,1,,4,2,3,3,3,1,1,4,5,1,7,2,2,2,,5,2,4,1,1,3,,,1,,,,1,1,1,1,,5,5,1,1,2,4,5,5,2,3,2,1,3,4,3,1,,2,2,1,7,,1,,,,,,,,2,,,,,2,2,,1,,,,,1,1,1,1,,,,,,1,,,,1,4,4,16,3,,,,,,,,,,,,,,,,,,5,,1,6,4,
ain,3,2,2,1,1,1,1,1,3,2,,1,2,2,,,,,1,1,,,,3,4,1,5,2,4,2,1,3,1,1,1,2,4,3,1,,,5,,5,2,2,1,6,2,1,,3,9,2,9,2,1,6,2,3,1,2,1,1,4,,,1,2,2,4,2,4,2,4,2,4,2,2,3,2,3,2,4,5,3,1,,1,1,,1,1,1,1,1,2,1,,,,,,,2,2,2,1,1,1,1,1,6,2,5,5,2,3,2,1,3,4,3,3,,2,2,1,7,1,1,5,1,1,1,,,,1,1,1,1,1,1,,,3,,,,,1,1,1,1,,,,,,1,,,,1,4,4,7,3,,,,,,,,,,3,,,,4,4,1,11,,,,,,
mei,4,2,3,2,2,1,1,2,1,2,,1,2,2,,,,,1,1,1,1,1,3,2,2,2,2,3,1,4,1,1,1,1,,,8,2,2,2,3,,1,2,1,2,6,1,1,1,2,6,2,6,2,5,2,,2,1,2,1,1,4,,8,1,2,2,4,2,2,2,4,4,1,1,,1,3,3,2,4,5,1,,,1,1,,1,1,3,2,2,2,1,,,,,,,2,2,5,1,1,5,2,2,1,5,1,1,1,1,2,2,3,4,3,4,,2,1,3,5,,1,2,1,1,1,,4,4,1,3,3,3,1,,,,2,,,,,1,1,1,1,,,,,3,4,,,,4,2,4,20,,,,,,,,,,,21,,,,,,,,,,,,,
sla,4,2,4,3,1,1,6,4,3,1,,1,2,2,1,7,6,5,1,1,1,5,1,5,1,1,1,2,6,3,1,3,,,,2,,4,3,5,5,3,,3,2,1,6,6,1,2,,3,1,1,9,2,6,,,,1,2,1,3,,,8,1,2,1,2,1,3,1,5,,1,2,3,3,3,2,4,2,5,5,1,,1,1,3,1,1,2,1,2,7,,3,3,,,,,1,2,5,1,5,2,1,1,2,2,5,4,3,1,2,1,3,4,8,5,,2,2,1,7,1,1,,1,1,1,,2,2,2,1,1,1,1,2,2,,1,7,4,1,1,1,1,1,1,,,,,,2,,,,4,1,4,8,4,,,,,,,,,,4,,,,4,4,8,1,,,,,,
dre,4,3,3,4,2,1,1,2,1,2,,1,2,1,2,8,1,1,1,5,,,,,,,,,1,1,1,1,,,,7,,5,,1,,5,,1,2,1,,2,,,2,2,1,1,9,2,6,,1,,2,2,1,2,,,,,2,,,,,5,5,4,4,2,2,3,3,1,1,,,,7,4,3,2,,2,2,2,2,1,1,,1,,,,,2,1,2,1,4,4,4,6,6,1,1,1,1,1,4,,1,,,,,,2,4,1,7,,1,,,,,,,,1,1,1,1,1,2,2,,3,,,,,,,,,,,,,,1,,,,1,4,4,16,3,,13,12,,,1,8,7,4,,,,,,,,,16,,1,6,4,
brs,,,,,,,,,3,1,,,,,,,,,,,1,1,1,3,3,1,5,2,2,3,1,3,3,2,2,2,6,8,3,,,5,,1,3,1,3,3,1,,,2,2,2,1,1,1,,,,4,1,1,2,,,1,,,2,2,2,4,2,4,1,1,2,2,3,3,3,3,4,5,2,7,,3,1,4,1,1,3,1,1,1,,1,,,,,,6,1,4,1,2,5,2,2,2,2,2,6,1,3,,2,3,4,8,5,,2,1,1,7,4,2,,3,2,1,,4,4,,3,3,3,1,2,2,,6,,,,,1,1,1,2,,,,,,4,,,,4,2,4,,,,,,,,,,,,,,,,,,,,,,,,,
brm,4,3,3,4,2,1,1,2,1,2,,1,2,3,,,,,1,5,1,1,1,2,2,2,2,2,2,2,1,1,1,1,1,7,,2,1,5,5,2,,1,2,,1,3,4,,1,2,7,2,1,,8,4,3,3,,2,1,1,3,2,5,2,,2,4,2,2,2,5,2,4,2,3,3,2,1,1,4,5,1,1,,1,1,6,1,1,2,1,2,2,1,,,,,,1,6,2,4,1,1,2,2,2,1,5,1,1,1,2,1,2,3,4,8,5,2,4,6,2,3,1,2,1,1,1,2,1,4,4,1,,,,,,,,1,,,,,1,1,1,1,3,,,,,14,3,,,2,1,4,18,4,,,,,,,,,,16,,5,,4,4,6,5,,,,,,
brh,3,2,4,4,2,1,1,2,3,2,,1,3,1,,,,,1,1,1,1,2,2,2,2,2,2,2,,4,3,1,1,1,2,6,4,2,,,3,,3,,,4,6,1,3,1,2,8,2,1,2,5,2,1,1,2,2,1,1,,,,,1,1,1,2,3,2,1,,4,2,1,2,3,1,1,1,5,1,,,,,,1,,1,1,,1,,1,,,,,,,2,,,5,,2,2,2,2,2,3,1,,,2,3,4,8,5,,2,1,3,3,1,,,,,,,4,,,2,1,1,1,,,,1,,,,,,,,,,,,,,4,,,,4,2,4,,,,,,,,,,,,,,,,,,,,,,,,,
dni,1,3,1,1,1,1,1,2,2,,,1,2,1,7,8,1,1,1,1,1,5,1,4,1,3,5,2,2,,1,2,1,1,1,,,5,1,5,5,3,,3,,,3,6,1,,,3,6,2,1,2,,,,,1,1,1,2,,,,,,1,2,1,4,2,1,4,1,2,1,2,2,2,4,4,5,1,1,,1,1,,1,1,,2,,1,,1,,,,,,6,,5,1,2,,4,4,2,2,5,2,3,,1,2,3,4,3,2,,,2,3,1,,2,,,,,,4,,,3,3,2,,,,,,,,,,1,1,1,1,,,,,,2,,,,4,1,4,8,4,,,,,,,,,,4,,,,4,4,8,1,,,,,,
nko,3,2,3,4,2,1,1,1,3,2,,1,2,2,,,,,1,1,,,,,,,,,6,,1,2,5,3,3,1,,4,,,,3,,3,3,1,5,2,,2,1,3,1,1,9,,,,,,,,,,,,,2,2,,,,,1,2,2,3,2,2,3,3,1,1,,,,2,,1,2,1,2,2,2,2,2,1,,1,,,,,2,2,2,3,4,4,4,1,1,2,2,5,2,2,3,2,1,3,4,5,1,,2,1,3,3,4,1,4,3,2,1,,,,1,3,2,2,1,2,2,,1,,,,,,,,,,,,,,3,,,,2,4,4,20,,,5,,,,4,2,7,4,,,,,,,,,,,,,,
eng,3,3,1,4,2,1,1,2,2,2,,1,3,1,1,4,4,1,1,5,1,5,1,2,2,2,2,2,2,3,2,2,3,2,2,2,6,4,4,1,1,3,,2,2,1,2,3,1,2,1,2,2,3,9,1,7,1,1,2,4,2,1,1,6,6,6,1,1,2,1,2,1,2,5,1,4,2,2,1,1,1,1,1,5,1,2,,1,2,1,2,3,1,1,1,1,,1,,,,,1,6,1,1,4,4,3,1,2,2,1,2,2,1,4,2,1,3,4,8,5,1,2,2,3,3,3,4,5,2,2,1,4,1,1,1,2,2,2,1,2,2,,1,7,7,1,1,1,2,1,1,2,,,,2,1,,,,1,4,4,2,3,,2,,,,4,1,7,4,,,,,,,,,,,,,,
lan,4,3,1,2,2,1,1,2,1,1,,1,2,2,2,8,1,,3,1,3,5,4,4,1,1,1,2,4,3,1,2,1,1,1,2,3,3,4,4,3,3,,3,3,2,1,6,1,2,1,3,1,1,9,3,3,,1,1,,2,1,2,1,5,2,,2,1,4,2,4,3,1,4,4,2,2,3,2,1,1,4,5,1,2,,1,2,1,2,2,2,2,2,1,,1,,,,,,6,2,,4,4,4,1,1,2,2,5,3,2,4,4,2,1,2,3,2,3,2,2,1,7,4,6,4,,,,,4,3,1,3,1,1,1,,,,1,,,,,1,1,1,1,,,,,,1,,,,1,4,4,2,3,,2,,,,4,1,7,4,,,,,,,,,,,,,,
lat,2,2,3,4,2,1,1,2,3,2,,1,3,2,2,8,1,5,1,1,,,,,,,,,3,,3,2,2,2,3,2,6,4,,2,2,3,,3,2,1,5,2,2,1,2,2,5,6,1,1,7,5,1,1,4,,,,,,4,1,1,2,1,1,3,4,3,1,4,2,2,1,1,2,2,1,5,1,2,,3,2,,2,1,1,1,1,1,,1,,,,,1,1,1,1,4,4,3,2,2,2,1,2,4,1,1,,1,3,4,8,5,2,2,1,3,3,1,1,1,2,2,2,4,1,1,1,,,,,,,,1,,,,,,,,,1,,,,,3,,,,2,4,4,20,,,5,,,,4,2,7,4,,,,,,,,,,,,,,
lav,4,2,3,2,4,1,1,2,1,2,,1,2,1,2,8,1,1,1,1,1,5,1,3,1,1,1,2,3,1,1,2,3,2,3,2,6,4,4,1,2,5,,5,3,2,2,2,1,2,1,4,1,1,1,,,,,,1,2,1,1,,,1,,1,2,4,1,4,2,1,4,4,2,1,3,3,1,1,4,5,1,1,,1,1,3,1,1,2,,2,3,,,1,,,,,2,2,5,1,5,2,1,1,2,2,5,2,3,1,,2,1,3,8,5,1,2,5,3,5,1,1,,,,,,2,2,,3,2,3,,,,,1,,,,,1,1,1,1,,,,,2,10,,,,4,3,4,16,4,,,,,,,,,,15,5,,,4,4,8,7,,,,,,
cle,3,2,3,2,2,1,1,2,1,,,1,2,3,1,7,1,,1,1,,,,,,,,,1,2,1,2,2,3,2,7,,3,,5,5,5,,3,3,3,4,6,,,1,3,1,1,9,1,1,,,,3,,,,,,,,,,,,,4,1,3,2,1,2,,,1,1,2,5,1,4,,2,2,1,2,2,2,2,1,1,,1,,,,,1,1,1,1,4,4,4,1,1,2,2,2,2,1,,,1,,,,,,2,2,1,7,,1,,,,,,4,4,,1,1,1,,2,2,,2,5,4,2,1,,,,,,,,,,1,,,,1,4,4,12,3,,,,,,,,,,,,,,,,,,4,,1,6,4,
imo,1,3,1,1,1,1,1,2,3,2,,1,3,1,,,,,1,1,1,1,1,6,3,3,3,2,,,4,1,1,1,1,9,1,2,,5,5,4,,1,2,1,1,6,1,,1,2,5,2,6,2,1,1,1,2,4,2,1,2,6,4,8,,2,1,1,1,3,2,4,4,4,2,1,2,3,1,1,4,5,2,,,1,1,,1,1,2,6,2,7,3,,2,,,,3,,,,1,5,2,6,6,1,5,1,1,1,1,4,2,3,4,3,4,,,2,3,4,,1,,2,1,2,,4,4,1,,1,1,,,,,6,,,,,1,1,1,1,,,,,,1,,,,1,4,4,21,,,,,,,,,,,18,,,,,,,,,,,,,
fij,3,2,3,1,1,1,1,2,1,2,,1,1,1,1,3,2,1,1,5,2,5,1,4,1,1,1,2,1,2,2,1,1,1,1,,,5,,5,5,5,,1,3,1,1,6,2,,2,4,1,1,9,2,6,3,1,,2,2,3,1,4,,,2,2,2,1,2,2,5,5,2,3,2,2,3,3,1,1,4,5,1,7,2,2,2,6,2,2,2,2,1,1,,1,,,,,3,6,2,1,4,4,4,1,,2,4,5,2,2,1,2,1,3,4,7,2,2,2,,2,1,,6,1,1,1,1,,4,,5,1,1,1,1,2,2,,1,,,,,1,1,1,2,,,,,,1,,,,1,4,4,16,3,,,,,,,,,,,,,,,,,,5,,1,6,4,
fin,2,3,2,4,2,1,1,2,2,2,,2,2,1,2,8,1,1,1,1,1,2,1,2,2,3,5,2,2,3,3,3,1,1,1,2,6,4,4,5,5,3,,3,2,1,1,6,2,3,1,3,8,3,1,2,7,1,1,3,2,2,1,1,6,2,4,1,1,2,1,2,3,2,1,2,1,2,2,1,1,2,5,4,2,1,2,,1,2,1,1,1,1,1,1,1,,1,,,,,1,3,1,1,3,4,3,2,2,2,6,2,4,1,1,2,1,3,4,8,5,2,2,3,2,1,1,1,1,2,2,1,4,1,1,1,2,2,2,2,2,2,,1,,,,,2,2,1,1,2,,,,2,1,,,,1,4,4,2,3,,2,,,,4,1,7,4,,,,,,,,,,,,,,
mxc,2,2,3,4,1,1,1,2,3,1,,1,1,3,,,,,1,5,1,5,1,3,4,4,5,2,6,,1,3,5,2,2,7,4,8,4,5,5,4,,4,2,,1,6,2,,1,3,1,1,9,,1,,1,,4,2,1,1,,3,8,,1,1,4,1,4,1,4,2,4,2,2,2,3,1,1,2,2,1,3,,2,2,1,2,2,2,2,1,1,,1,,,,,3,6,1,1,4,4,4,1,1,2,6,2,2,1,1,,2,3,4,8,5,1,2,2,1,7,2,7,,,,,,4,4,2,1,1,1,1,,,,2,,,,,1,1,1,1,,,,,,1,,,,1,4,4,9,3,,,,,,,,,,,,,,,,,,1,,1,6,4,
goo,3,1,4,1,1,1,1,2,1,2,,1,2,1,2,8,4,1,3,1,7,1,1,4,3,2,5,2,5,1,1,3,1,1,1,8,,6,1,1,,5,,5,2,,1,6,1,1,1,2,8,3,8,2,1,1,1,2,2,2,1,2,4,2,8,,3,2,1,1,4,1,5,3,1,2,,2,,2,5,4,5,1,7,,1,1,6,3,3,2,1,1,,,,,,,,,,,,5,,2,4,4,2,2,5,4,5,3,4,2,2,2,8,5,2,1,2,1,7,1,,,,,,,2,2,,2,2,3,1,2,,,6,,,,,1,1,1,1,,,,,,1,,,,1,4,4,21,3,,,,,,,,,,22,,,,,,,,,,,,,
sml,4,3,3,2,2,1,4,2,1,1,,1,2,1,7,8,1,5,1,1,,,,,2,4,5,2,,1,,,1,1,1,,,7,,,,4,,4,2,1,1,6,,4,,2,3,3,9,,,1,3,1,,,,,1,3,,,,2,4,2,2,,5,2,4,2,2,2,3,,,4,5,1,7,2,3,2,1,2,2,2,2,1,1,,1,,,,,,6,1,,4,4,4,5,5,6,2,2,2,1,1,,1,,,,,,2,2,3,3,,6,,,,,,,,,1,1,1,1,,,,,,,,,,,,,,,,,3,1,,,,1,4,4,16,3,,,,,,,,,,,,,,,,,,5,,1,6,4,
nti,5,3,4,4,2,1,3,2,3,2,,1,1,3,,,,,1,3,,,,,,,,,4,,1,2,,,,4,3,7,,1,4,5,,4,3,1,1,6,1,2,2,3,1,3,9,2,6,,,,2,,,,,,,,,,,,,2,1,,1,2,,,,1,1,,,,7,1,1,3,6,1,1,1,1,1,,,,,,,,,5,3,2,5,5,5,1,1,2,2,5,2,3,,,2,,,,,,2,2,1,7,1,1,,,,,,,,2,3,1,1,,,,,4,,,,,,,,,,,,,,1,,,,1,4,4,16,,,13,18,,,1,8,1,4,15,12,,,1,1,8,11,,,,,,
nht,2,2,3,1,1,1,1,1,,,,1,2,1,6,8,1,,1,1,,,,,,,,,4,,1,3,1,1,1,2,,6,,5,5,3,,3,,,2,6,3,1,2,4,1,1,9,,,,1,1,1,,,,6,,,,1,,,,,2,1,1,1,2,3,3,3,2,4,3,1,1,2,,3,2,1,2,2,2,1,1,1,,1,,,,,1,6,1,1,4,4,4,1,1,2,2,5,5,2,2,,1,,,,,2,2,2,1,7,2,6,,3,2,1,,,,2,2,1,1,1,1,2,,1,,,,,,,,,,,,,,1,,,,1,4,4,21,,,11,,,,,,7,4,,,,,,,,,,,,,,
kfe,2,3,1,4,2,1,1,2,2,1,,1,2,1,2,8,1,5,1,1,,,,,,,,,3,3,1,1,3,3,2,2,6,3,,1,4,3,,1,1,1,1,2,2,2,1,3,1,1,9,,,,1,2,4,,,,6,2,7,,2,,,,,2,4,4,3,2,2,1,2,1,1,,,,2,,1,2,1,4,1,2,2,2,1,,1,,,,,,2,1,1,5,4,4,1,1,2,2,5,2,2,3,,2,3,4,8,5,1,2,2,1,7,1,1,,,,,2,4,4,3,2,1,1,2,1,2,,1,,,,,,,,,,,,,1,1,,,,1,4,4,2,3,,2,,,,4,1,7,4,,,,,,,,,,,,,,
ram,2,1,4,2,2,1,1,2,1,2,,1,2,1,1,7,4,1,1,1,1,1,1,2,3,5,5,2,4,,1,1,1,1,1,8,3,5,,1,1,3,,3,2,,2,6,1,,2,3,7,6,9,,,,,,1,2,1,2,,,8,,,2,1,1,3,2,1,4,2,2,,,,1,1,4,2,1,1,,1,1,6,1,1,2,1,2,,,,,,,,2,,2,5,1,,2,1,2,2,2,2,2,1,,1,2,3,4,8,5,2,4,2,3,5,,,,2,2,2,,2,,1,3,3,2,1,1,2,,6,,,,,1,1,2,2,,,,,,8,,,,1,2,4,16,,,,,,,,,,,15,8,,,4,1,1,2,,,,,,
rap,1,2,2,1,1,1,1,1,1,2,,1,1,1,6,8,1,4,1,1,2,1,1,5,3,2,5,2,1,2,1,1,1,1,1,7,4,5,3,1,2,5,,1,3,1,3,6,1,,1,2,1,1,9,2,6,,1,,,2,1,2,4,,,,,2,1,2,3,5,5,1,1,2,2,3,2,1,1,4,5,1,3,,2,2,,2,2,2,2,1,1,,1,,,,,,1,,1,4,4,4,1,1,1,5,1,1,1,1,4,2,3,4,8,5,,2,4,3,3,,1,,,,,1,4,,1,3,1,3,,2,2,,1,,,,,1,1,1,1,,,,,,15,,11,,1,4,4,19,3,,,,,,,,,,,,,,,,,,23,9,3,6,4,
bsq,3,2,4,2,2,1,1,2,3,2,,1,3,1,,,,,1,1,1,1,1,3,3,2,5,2,4,3,2,3,1,1,1,8,6,4,3,1,2,3,,3,3,1,2,6,2,1,2,2,8,6,6,2,6,4,1,1,4,2,1,1,6,2,1,1,1,1,1,1,3,4,1,1,4,2,1,2,1,2,4,1,5,1,1,,1,1,3,1,1,2,2,1,2,1,,,,,,1,4,2,2,1,1,2,6,6,3,2,5,2,3,1,2,1,2,2,8,5,2,2,2,2,3,1,1,5,2,1,1,4,4,5,,3,2,2,1,2,2,,2,,,,,1,1,1,1,1,,,,,1,,,,1,4,4,7,3,,,,,,,,,,3,,,,4,4,1,11,,,,,,
nez,4,2,4,1,1,4,6,4,3,2,,1,3,1,1,7,6,,1,1,,,,,,,,,4,1,4,3,1,1,1,,,4,,,,3,,2,2,1,1,6,1,1,2,1,8,2,1,,6,,,,1,1,1,1,,,2,,2,,,,,2,1,,1,2,1,3,3,1,1,,,,7,,3,3,6,,1,1,1,1,1,,1,,,,,1,1,1,1,5,5,5,5,5,6,2,5,2,2,,,1,2,1,3,2,,2,2,1,7,,1,,2,2,1,,,,,,,,,2,1,1,1,,,,,,,,,,,,,3,1,,,,1,4,4,21,1,,,,,,,,,,,,,,,,,,,,,,,
sup,2,3,3,4,4,1,1,2,1,1,,1,2,3,2,8,1,,1,1,2,5,1,2,4,1,5,1,3,,1,1,5,3,3,2,6,4,3,3,1,3,,1,1,1,2,2,1,,2,2,9,2,9,3,6,2,1,2,4,2,1,1,6,2,6,,2,1,2,2,3,4,2,2,2,2,2,1,3,1,1,3,5,1,1,,1,1,5,1,1,2,1,2,4,,,6,1,,,,2,3,1,1,5,2,1,1,1,1,1,1,1,1,4,2,3,4,8,5,3,2,2,3,5,1,1,4,3,1,1,,2,2,1,2,2,1,1,,,,4,,,,,1,2,2,2,,,,,,15,,2,,1,1,4,19,4,,,,,,,,,,17,,,2,4,3,8,3,,,,,,
baw,3,2,4,4,4,1,1,2,1,,,1,2,2,7,8,1,,1,1,,,,,,,,,1,,4,3,1,1,1,7,4,5,,5,5,3,,1,,,1,6,,1,,2,4,2,9,,,,,,4,,,,,,,,1,,,,,5,5,2,2,2,2,,2,1,1,,,,1,,1,1,4,1,1,2,2,2,7,3,,2,,,,2,2,2,2,1,5,2,4,4,2,4,5,2,2,4,,2,,,,,,4,4,3,3,1,1,,,,,,4,,1,3,3,,,,,,1,,,,,,,,,,,,,,2,,,,4,1,4,8,4,,,,,,,,,,4,,,,4,4,8,1,,,,,,
bag,4,3,3,2,2,1,3,2,1,1,,1,2,3,7,8,1,,1,1,1,5,2,4,1,4,5,2,3,2,1,2,1,1,1,8,6,6,,1,4,3,,1,,,1,6,1,2,1,3,1,1,9,2,,,,,2,2,1,1,,,,,2,1,4,2,4,4,5,1,4,2,2,,,,,4,5,1,2,,1,2,1,2,2,2,2,2,1,,1,,,,,,2,2,1,4,4,4,1,,2,,5,2,2,1,2,2,3,4,8,5,1,1,2,3,3,1,1,,1,1,2,,4,3,2,,,,,,,,1,,,,,1,2,1,1,,,,,,2,,,,4,1,4,4,6,,4,,,,4,8,7,1,,,,,,,,,,,,,,
nug,3,1,4,1,1,1,1,2,1,2,,1,2,1,6,8,1,1,3,1,,,,,3,2,5,2,4,1,4,2,5,2,3,1,,5,2,5,5,5,,5,3,1,1,1,1,1,2,1,8,3,1,,1,,1,,,2,1,2,,,,,,,,,,2,5,2,1,2,1,3,3,1,1,2,5,1,7,,3,3,6,5,3,3,1,,1,,1,,,,,,5,1,3,5,5,5,1,1,5,2,5,5,5,,2,2,3,4,3,4,,2,2,3,6,,1,,,,,3,4,4,,3,,,1,2,1,1,,,,,,1,1,1,1,,,,,,1,,,,1,4,4,21,3,,,,,,,,,,,,,,,,,,,,,,,
irq,4,2,5,2,2,2,5,4,1,2,,1,2,2,1,6,7,5,1,4,,,,,,,,,2,,1,2,2,2,3,2,6,4,,5,5,3,,3,4,2,1,4,1,2,,2,9,2,9,3,3,2,1,2,2,,,,6,5,7,,1,,,,,5,1,2,1,2,2,3,2,1,1,4,1,1,1,,1,1,6,2,2,2,2,2,1,,1,,,,,,6,2,,2,2,2,2,1,2,2,2,2,1,1,,1,3,4,8,5,,2,1,2,1,4,2,,3,1,2,,,,1,3,3,3,,,,,1,,,,,,,,,,,,,,4,,,,4,2,4,20,,,,,,,,,,,6,,,,4,4,8,2,,,,,,
iri,,,,,,,,,3,2,,,,,2,8,2,4,,,,,,,,,,,4,3,3,2,,,,6,6,4,4,1,4,3,,3,3,1,3,3,1,2,1,3,2,2,5,1,7,,,,4,,,,,5,6,1,,,,,,4,1,2,1,2,2,1,1,1,1,3,2,1,3,,2,2,1,2,2,2,2,1,1,,1,,,,,,1,1,1,4,4,4,1,2,2,6,2,2,1,,,1,,,,,2,1,2,3,3,1,1,1,2,1,1,4,4,3,,2,2,2,1,2,2,,2,,,,,,,,,2,,,,2,1,,,,1,4,4,9,3,,,,,,,,,,,,,,,,,,1,,1,6,4,
mun,4,2,4,2,2,1,1,2,2,1,,1,2,1,1,3,3,,1,1,1,1,1,4,3,2,5,2,2,,1,3,2,3,2,2,,3,,5,5,5,,5,,,1,3,,1,,2,7,2,9,2,3,2,,,2,,,,,,,1,1,,,,,2,1,4,,1,2,3,3,1,1,1,5,1,1,,1,1,,1,1,1,1,1,2,1,,,,,,3,2,2,5,1,1,1,1,1,2,3,5,2,3,,2,1,,,,,,4,,1,7,1,1,1,3,1,1,1,,,,,,,,,,,,,,,,1,1,1,2,,,,,,1,,,,1,4,4,7,3,,,,,,,,,,3,,,,4,4,1,11,,,,,,
san,4,3,3,4,2,1,3,2,3,1,,1,1,2,,,,,1,3,1,5,6,1,4,2,5,2,6,,1,3,1,1,1,1,,4,1,1,,3,,1,,,1,6,2,2,,2,1,1,9,1,,,,,4,2,1,1,,,2,2,1,2,4,2,4,5,5,1,3,,2,3,2,1,1,4,5,1,2,,1,2,1,2,2,1,2,2,1,,1,,,,,2,2,2,1,4,4,3,1,1,1,2,1,1,1,1,1,2,3,4,8,5,,,2,1,7,,1,4,,,,,4,,1,,1,1,,,,,1,,,,,1,2,1,2,1,,,,,2,,,,4,1,4,4,6,,4,,,,4,8,7,1,,,,,,,,,,,,,,
fre,3,3,1,4,2,3,1,2,3,1,,2,3,1,1,3,5,4,1,1,1,5,2,3,4,2,5,2,2,3,3,2,2,2,3,2,6,6,4,1,2,3,,3,1,2,5,3,2,2,2,2,1,1,7,1,7,1,1,1,4,2,1,1,6,2,3,1,1,1,1,1,1,2,2,1,4,2,2,1,1,2,5,3,5,1,2,,1,2,1,2,2,2,1,1,1,,1,,,,,1,1,1,1,4,4,4,1,2,2,1,2,2,1,1,3,1,3,4,8,5,,4,2,1,7,3,1,,2,2,1,4,1,1,1,3,2,2,2,2,2,,1,7,7,1,1,2,2,1,1,2,,,,,15,,2,,1,1,4,19,4,,15,,,3,4,5,3,4,,,,,,,,,,,,,,
prh,2,1,2,2,1,1,1,1,3,2,,1,1,2,1,4,7,,4,1,1,5,1,5,4,4,4,1,2,3,1,1,4,2,2,9,1,2,,5,5,1,,1,2,1,3,2,1,4,2,2,9,2,1,2,,,1,,,2,1,1,,,1,,1,1,4,2,4,2,5,,1,2,,2,,3,2,4,5,1,1,,1,1,3,1,1,2,2,2,,,,,,,,,2,2,,1,,2,1,1,2,,5,2,2,2,1,2,3,4,8,5,2,2,1,1,7,,3,5,,,,3,2,5,4,2,1,1,1,,,,6,3,1,2,2,1,1,1,1,,,,,3,4,,,,4,2,4,20,,,,,,,,,,,6,,,,4,4,8,2,,,,,,
kio,3,2,3,2,2,1,2,5,3,,,1,2,2,,,,,1,1,1,5,1,5,1,1,5,2,4,3,1,2,,,,2,,2,,5,5,2,,5,2,1,,6,1,1,2,1,9,2,1,,,,1,,1,2,1,2,,,7,1,,1,4,1,4,2,1,4,4,2,1,2,2,2,2,4,5,2,1,,1,1,,5,1,,1,1,3,,,1,,,,,1,1,4,,5,,1,,5,2,4,4,1,,4,2,1,2,8,5,,2,6,3,3,1,1,,1,1,1,,2,,,3,3,2,1,1,2,,,,,,,1,1,2,2,,,,,,14,2,,,1,2,4,18,1,,,,,,,,,,16,,3,,3,4,8,6,,,,,,
niv,4,2,4,3,1,4,1,2,1,2,,1,3,2,2,8,1,,1,1,1,5,1,5,1,1,1,2,3,2,4,2,1,1,1,2,4,8,1,,,5,,1,2,3,6,6,,1,,3,7,2,1,2,3,7,3,3,1,,,,,,1,,2,2,4,1,4,2,1,,1,2,2,2,3,2,2,4,5,1,1,,1,1,,1,1,1,1,3,2,1,,,,,,,2,2,,1,1,1,1,1,1,5,1,1,1,3,2,2,3,4,8,5,,2,1,3,4,1,1,,1,1,2,,,,,3,3,3,3,,,,1,,,,,1,1,1,1,,,,,,15,,10,,4,3,4,19,,,,,,,,,,,17,,,8,4,4,8,9,,,,,,
epe,2,3,2,2,2,1,1,1,3,1,,1,2,1,1,3,2,,4,1,1,1,1,3,2,4,5,2,2,1,4,1,1,1,1,8,3,4,,1,4,3,,1,2,3,1,6,,,,2,8,2,6,,,,1,1,4,1,1,1,6,7,,,,,,,,2,1,2,4,2,,2,,2,4,,,,1,,1,1,5,1,1,2,1,2,3,,,1,,,,,6,1,5,1,5,2,4,4,1,5,1,1,1,1,,2,3,4,5,4,1,2,1,2,5,1,2,,1,1,2,,2,2,1,3,1,1,1,,,,,,,,,,,,,,,,,,4,,,,4,2,4,20,,,,,,,,,,,6,,,,4,4,8,2,,,,,,
tha,3,3,2,2,4,1,1,2,1,2,,1,2,3,,,,,1,1,7,5,1,2,4,2,5,1,1,1,1,1,1,1,1,,,4,4,4,1,2,,1,,,1,6,4,1,1,2,1,1,9,2,5,1,3,3,4,2,1,1,5,2,6,1,1,2,4,2,2,5,5,2,4,2,2,1,1,1,1,4,5,1,2,,1,2,1,2,2,2,2,2,1,,1,,,,,2,2,2,1,4,4,4,1,1,1,5,1,1,1,1,2,1,3,4,8,5,3,1,3,1,7,1,1,3,1,1,2,2,4,4,1,,,,,2,2,,1,,,,,,,,,1,,,,2,1,,,,1,4,4,2,3,,2,,,,4,1,7,4,,,,,,,,,,,,,,
hai,5,1,5,1,1,4,6,4,3,2,,1,3,1,,,,,1,1,1,5,1,5,4,1,5,1,2,,1,1,1,1,1,2,,6,,3,4,3,,1,,,,6,,,,2,1,3,6,3,,4,2,1,4,1,1,2,,,,,2,,,,,2,4,,4,2,1,2,2,3,3,,,,1,,1,1,3,1,1,2,1,2,3,,,1,,,,2,3,3,2,1,5,2,1,1,1,1,1,1,1,1,,2,,,,,,2,6,1,7,1,1,,,,,,,,,,,,,2,2,,1,,,,,1,1,1,1,,,,,,14,2,,,1,2,4,18,1,,,,,,,,,,16,,3,,3,4,8,6,,,,,,
vie,3,3,1,3,1,1,3,2,1,2,,1,2,3,,,,,1,1,2,5,1,1,4,4,4,1,1,1,1,1,1,1,1,7,4,7,4,1,,2,,1,2,,3,6,4,1,1,2,1,1,9,,8,1,3,3,4,2,1,1,4,5,2,1,1,2,4,2,3,5,5,2,4,2,2,1,2,1,1,4,5,1,2,,1,2,1,2,2,2,2,1,1,,1,,,,,,2,2,1,4,4,4,1,1,1,5,1,1,1,2,2,1,3,4,8,5,3,3,4,1,7,1,1,3,1,1,2,2,4,,1,1,1,1,1,,,,1,,,,,1,1,1,2,1,,,,,1,,,,1,4,4,2,3,,2,,,,4,1,7,4,,,,,,,,,,,,,,
hau,4,2,4,4,3,1,5,2,3,2,,1,2,2,,,,,1,1,2,5,1,4,3,2,5,2,1,1,4,1,2,2,3,2,6,5,3,1,1,3,,1,4,1,1,1,1,2,,3,1,1,9,1,6,2,1,,2,2,1,1,,,7,2,2,2,4,2,4,5,2,4,3,2,2,1,2,1,1,4,5,1,2,,1,2,1,2,2,1,6,2,1,,1,,,,,2,2,3,1,4,4,3,1,1,1,4,1,1,1,3,2,1,3,4,3,2,1,2,2,3,3,1,1,4,2,1,1,2,4,3,2,3,2,1,,1,2,,1,,,,,1,1,1,1,1,,,,2,15,,1,,1,1,4,19,3,,15,,,1,4,3,7,3,,,,,,,,,,,,,,
zul,4,2,5,3,1,1,5,4,,2,,1,2,2,6,8,1,1,1,2,1,5,1,3,1,2,5,2,6,2,1,2,5,3,3,1,6,4,1,5,5,3,,3,,,5,2,1,,2,2,1,1,2,,6,,1,2,,2,1,1,6,2,,2,2,1,2,1,3,1,1,4,1,2,1,2,2,1,1,4,5,1,2,,1,2,,2,2,2,6,,1,,1,,,,,,2,2,1,4,4,4,1,1,2,2,5,2,2,2,2,1,3,4,3,1,2,2,1,3,3,1,1,4,3,2,1,2,4,,1,3,3,3,,2,2,,1,,,,,1,2,1,1,3,,,,,15,,7,,2,2,4,20,,,15,,,12,4,4,6,4,,,,,,,,,,,,,,
war,2,2,2,1,1,1,1,1,3,1,,2,2,1,7,8,1,5,3,1,2,5,2,3,1,1,1,2,1,1,1,1,3,2,2,7,,1,,5,5,5,,5,3,2,1,2,1,,2,4,1,1,9,,1,1,1,1,2,2,1,3,6,2,8,,1,2,4,2,4,5,5,2,,2,,2,,1,1,4,5,3,4,,2,2,1,2,2,,2,4,1,,1,,,,,3,6,1,1,4,4,,1,7,2,4,5,2,2,3,4,1,3,4,8,5,2,3,4,2,1,,6,,,,,3,4,4,,1,2,2,1,,,,6,,,,,1,1,2,2,,,,,,1,,,,1,4,4,12,3,,,,,,,,,,,,,,,,,,4,,1,6,4,
qim,,,,,,,,,3,2,,,,,6,8,1,,,,1,1,1,5,2,2,2,2,2,2,4,3,1,1,1,2,6,4,4,5,5,3,,3,,,6,6,2,1,,2,7,2,1,1,5,,1,1,4,2,1,1,6,2,1,1,1,2,1,1,4,2,1,2,4,2,2,2,3,3,2,4,5,1,1,,1,1,3,1,1,1,1,1,2,1,,,6,,,1,2,1,4,1,1,1,2,2,2,2,5,3,3,1,3,1,3,4,8,5,,2,2,3,2,1,1,5,2,2,2,1,4,4,1,,,,,,,,1,,,,,1,1,1,1,,,,,,1,,,,1,4,4,16,,,,,,,,,,,15,3,,,1,1,1,11,,,,,,
khs,3,2,3,2,4,1,1,2,1,2,,1,3,1,7,8,1,,1,1,2,1,1,3,,,,,1,1,1,1,2,2,2,7,,7,,5,5,3,,1,3,1,2,3,2,1,2,2,1,1,9,2,6,,,,4,2,1,1,,,,2,1,,,,,5,,,,,2,3,3,1,1,4,5,1,2,,1,2,1,2,2,2,1,1,1,,1,,,,,2,,2,1,4,4,4,2,2,2,1,2,2,1,1,,2,3,4,8,5,,2,4,3,3,1,1,3,3,1,1,,,,,3,1,1,1,,,,,,,,,,,,,1,,,,,1,,,,1,4,4,2,3,,2,,,,4,1,7,4,,,,,,,,,,,,,,
khm,3,3,2,1,1,1,3,3,2,2,,1,3,1,7,8,5,4,1,1,,,,,,,,,1,1,1,1,1,1,1,7,4,4,,1,,3,,1,,,,6,4,4,1,2,1,1,9,2,4,,2,3,4,,,,1,,,1,,2,4,2,2,5,5,2,,2,2,,,1,1,4,5,1,2,,1,2,,2,2,2,2,2,1,,1,,,,,2,2,2,1,4,4,4,1,1,1,,1,1,1,4,,2,,,,,3,2,,1,7,1,1,3,1,1,2,2,4,4,1,,,,,1,,,1,,,,,,,,,2,,,,2,1,,,,1,4,4,2,3,,2,,,,4,1,7,4,,,,,,,,,,,,,,
kho,4,2,4,1,1,1,1,1,3,2,,1,2,3,,,,,1,2,7,1,1,4,2,2,2,2,2,1,1,2,3,2,3,2,,3,2,,3,5,,1,2,,1,1,2,,,2,2,2,9,1,6,,1,1,,1,1,2,4,2,8,1,1,1,2,2,3,5,5,2,1,2,2,3,3,1,1,1,5,1,1,,1,1,3,1,1,1,1,1,2,1,,,,,,1,3,1,2,1,1,1,2,2,2,1,3,1,1,2,2,1,3,4,3,4,,4,2,3,5,,1,5,3,1,1,1,4,,1,1,1,1,1,,,,1,,,,,1,1,1,1,,,,,,2,,,,4,1,4,8,4,,,,,,,,,,4,,,,4,4,8,1,,,,,,
kha,3,3,2,4,2,1,1,2,2,2,,1,,1,1,5,2,5,1,1,1,1,1,2,2,2,2,2,2,1,4,1,1,1,1,6,4,8,1,5,5,3,,1,2,3,2,6,2,,1,2,7,2,1,2,5,4,1,3,2,2,1,1,6,2,2,1,,2,1,2,3,2,4,2,1,1,2,3,3,3,6,4,5,1,1,,1,1,,1,1,1,1,1,2,1,,,,,,1,2,2,2,1,1,1,2,2,1,5,1,1,1,1,2,1,3,4,8,5,,2,1,3,1,,1,1,2,2,2,1,4,4,,3,3,,,1,2,,1,,,,,2,2,1,1,1,,,,,4,,,,4,2,4,20,,,,,,,,,,,6,,,,4,4,8,2,,,,,,
tiw,3,1,4,1,1,1,1,2,1,2,,1,2,1,6,8,1,1,1,1,1,5,6,3,1,4,5,2,6,1,1,2,2,2,2,2,3,4,,5,5,5,,5,2,1,,3,1,1,1,2,1,1,9,,1,4,1,1,4,1,1,2,6,2,,1,3,2,1,1,4,1,1,4,4,2,,2,,1,1,4,5,1,2,,1,2,1,2,1,1,1,1,1,,1,,,,,,2,3,1,4,4,3,1,1,2,2,5,2,4,3,2,2,3,4,5,1,,2,2,3,2,2,1,3,2,1,2,,,,,,1,1,,2,,,,,,,,1,1,1,1,3,,,,,1,,,,1,4,4,2,3,,2,,,,4,1,7,4,,,,,,,,,,,,,,
squ,4,1,5,1,1,4,6,4,3,2,,1,3,1,6,8,5,5,1,4,1,1,1,5,3,1,5,2,2,1,1,3,,,,,,4,,1,1,3,,3,,,,6,,1,,1,2,6,7,,7,,,,3,2,1,1,,,8,1,1,,,,,,,4,4,2,1,2,3,3,4,4,5,1,3,,2,2,,2,2,1,1,1,7,2,2,,,,,,3,,1,4,5,3,1,,2,2,5,5,3,,,1,,,,,,2,3,2,4,1,1,,1,1,1,,,,2,,3,,3,1,2,,,,,,,1,1,1,1,,,,,,1,,,,1,4,4,9,3,,,,,,,,,,,,,,,,,,1,,1,6,4,
yko,3,2,3,2,2,4,1,2,1,2,,4,2,1,1,5,4,,1,1,,,,,2,4,5,2,2,3,2,2,1,1,1,2,,7,2,5,5,3,,3,2,2,1,6,1,1,,2,7,3,1,2,6,1,1,,2,2,1,2,6,4,2,1,2,2,4,1,4,2,1,2,1,2,2,2,3,2,2,4,5,1,1,,1,1,,1,1,1,1,1,2,1,,,6,,,,6,2,2,1,1,1,2,2,2,2,2,2,1,1,2,2,,,,,,2,1,3,3,1,6,4,1,1,1,,4,5,1,3,3,3,2,,,,1,,,,,2,2,1,1,,,,,3,3,,,,2,4,4,20,,,,,,,,,,,5,,,,4,4,2,11,,,,,,
pms,2,2,3,1,1,1,1,2,1,2,,1,2,1,5,8,1,,1,1,,,,,,,,,5,1,1,3,,,,7,,5,,1,4,5,,5,,,2,6,,2,,3,1,1,9,,,,,,2,1,3,3,,,7,,2,,,,,1,1,4,4,2,,2,,1,1,,,,2,,1,2,,2,2,2,,2,1,,1,,,,,,6,2,1,4,4,4,1,1,2,2,5,4,2,1,,2,3,4,8,5,1,1,1,3,3,1,6,,3,1,1,,4,3,2,,1,,1,,,,,,,,,,,,,,,,,2,3,,,,2,4,4,20,,,5,,,,4,2,7,4,,,,,,,,,,,,,,
aym,4,1,5,1,1,4,2,2,3,,,1,2,1,6,8,1,,1,1,1,1,2,5,3,3,3,2,2,1,1,2,,,,2,,6,,,2,4,,4,,,,6,1,,,3,6,2,6,1,3,,,,2,2,1,1,,,,,,,,,,2,4,2,1,1,2,3,3,3,2,4,5,1,1,,1,1,,1,1,1,1,1,,,,,,,,1,2,2,,1,,1,3,3,5,2,5,4,5,,,1,,,,,,2,2,2,2,,1,,,,,1,,,,,,,,1,2,,1,,,,,,,,,,,,,,1,,,,1,4,4,16,,,,,,,,,,,15,2,,,4,1,1,11,,,,,,
wra,1,2,2,1,1,1,1,3,3,1,,1,1,1,6,8,1,1,1,1,7,1,1,3,2,5,5,2,3,,2,1,1,1,1,2,,4,,,,3,,1,3,2,4,6,1,4,1,2,5,3,,2,3,1,,,1,2,1,1,6,,5,,3,2,1,2,4,2,1,1,,2,1,2,3,2,2,4,5,1,,,1,1,,1,1,2,1,2,,,,,,,,2,6,1,,1,,2,1,2,2,,3,1,1,1,4,1,3,4,8,5,,2,1,2,1,,2,,,,,,2,5,1,3,3,1,1,2,2,,3,,,,,1,2,1,1,,,,,,4,,,,4,2,4,20,,,,,,,,,,,21,,,,,,,,,,,,,
mss,2,2,2,1,1,1,1,2,2,2,,1,2,1,1,1,4,1,1,1,1,1,1,3,3,3,3,2,2,,4,3,1,1,1,2,,4,,,,5,,5,2,1,2,6,1,1,,1,6,2,,,7,,1,,2,2,1,1,,,,,,,,,,2,1,,1,2,1,2,2,2,2,4,5,1,7,,1,3,6,,3,3,1,1,,,,,,,,,,1,,5,5,5,2,2,2,2,5,2,4,,,1,,,,,,2,2,1,7,,,,,,,1,,,,,,,,2,2,,,,,,,2,2,3,2,2,,,,,1,,,,1,4,4,,,,,,,,,,,,,,,,,,,,,,,,,
cah,3,1,4,1,1,4,1,2,2,2,,1,3,1,2,8,7,1,1,1,1,1,,,,,,,4,1,4,3,1,1,1,2,,6,,,,3,,3,,,,6,,1,,2,5,2,1,,5,2,,,1,,,,,,,,1,,,,,2,1,3,4,2,,3,,2,2,4,5,3,1,,1,1,,1,1,1,,,1,,1,,,,,,6,2,,1,2,1,2,2,2,2,5,4,3,,4,2,1,1,3,2,,2,2,,,,6,,3,1,1,,2,,,3,1,2,3,1,1,1,1,,,2,1,,,,,,,,,,1,,,,1,4,4,7,3,,,,,,,,,,3,,,,4,4,1,11,,,,,,
map,3,2,3,1,1,1,1,2,1,2,,1,2,1,3,8,1,2,1,5,1,5,2,5,3,1,5,2,2,,1,3,1,1,1,7,1,4,,1,4,2,,3,3,2,4,6,1,,2,2,2,2,1,2,5,,1,,4,2,1,1,,,2,1,1,2,4,1,4,2,1,4,4,2,2,2,2,1,1,4,5,1,2,,2,2,6,4,1,1,1,1,,,,,,,,1,,2,,5,,3,1,1,5,2,5,2,2,3,4,1,3,4,8,5,,2,1,1,7,1,1,5,3,1,1,1,4,4,5,3,3,2,,2,2,,1,,,,,1,1,2,2,,,,,,4,,,,4,2,4,20,,,6,,,,4,8,2,4,,,,,,,,,,,,,,
mar,3,2,4,1,1,2,1,2,3,2,,1,3,1,7,8,1,5,1,5,1,1,1,5,3,1,5,2,4,1,4,3,1,1,1,3,2,2,,1,4,2,,2,5,1,2,6,1,1,1,1,6,2,6,,,4,1,1,1,2,1,3,4,2,2,,2,2,4,1,4,2,1,1,4,1,,2,,3,2,4,5,4,1,,1,1,,1,1,2,2,2,7,,3,3,,,,,6,,5,1,5,2,3,3,2,2,5,5,5,3,4,1,3,4,3,2,,4,6,1,7,,2,,,,,,2,,2,,3,3,2,,,,,,,,,1,1,1,2,,,,,,14,4,,,2,2,4,18,,,,,,,,,,,16,,6,,4,4,6,6,,,,,,
mau,2,2,3,1,1,1,1,2,1,2,,1,3,1,6,8,1,1,1,1,1,5,1,3,1,4,5,2,5,1,1,3,5,2,2,7,,5,,,,5,,5,3,1,5,2,1,,2,2,1,3,9,,,,1,1,1,2,1,2,6,2,8,,,1,1,1,4,2,1,4,,,1,,,1,1,1,5,1,2,,1,2,1,2,1,1,1,1,1,,1,,,,,2,1,1,1,4,4,3,1,1,2,2,5,2,4,,4,2,3,4,8,5,,2,2,3,2,,1,,3,1,2,,4,,,,1,,,,,,,,,,,1,1,1,1,,,,,,1,,,,1,4,4,2,3,,2,,,,4,1,7,4,,,,,,,,,,,,,,
may,1,2,2,1,1,1,1,1,3,2,,1,1,1,2,8,1,1,1,1,1,5,6,1,4,2,5,2,6,1,1,3,2,2,2,9,1,4,,1,4,3,,3,3,1,5,3,1,2,,4,2,2,2,,5,1,2,1,1,2,1,2,1,5,8,,1,2,4,2,4,5,5,2,4,2,2,,,1,1,4,5,1,2,,1,2,1,2,3,2,2,2,1,,1,,,,,2,2,2,1,4,4,4,1,1,2,5,2,2,1,4,1,2,3,4,3,1,1,1,2,1,7,1,1,,,,,,4,4,2,1,1,1,1,,,,,,,,,1,1,1,1,,,,,2,2,,,,4,1,4,4,6,,4,,,,4,8,7,1,,,,,,,,,,,,,,
mak,,2,5,2,4,4,2,4,3,,,1,3,1,1,1,2,,1,1,,,,,,,,,1,,,,1,1,1,8,,4,1,,,3,,3,2,1,,6,1,3,,1,1,1,9,,,,,,4,,,,,,8,,,1,4,2,4,2,1,3,4,2,2,,,3,2,4,5,1,3,,2,2,1,4,3,3,1,3,7,2,2,,,,,1,3,1,,5,5,5,,,2,3,5,3,5,2,,2,3,4,8,5,,2,,2,1,,1,,,,,,,,4,,,,,,,,,,,,,,,,,,,,,,1,,,,1,4,4,9,3,,,,,,,,,,,,,,,,,,1,,1,6,4,
mal,3,1,5,4,2,1,1,2,1,2,,1,2,1,6,8,1,5,1,1,1,1,1,3,2,5,5,2,1,1,1,3,1,1,1,9,,4,1,1,4,5,,1,5,1,,6,1,2,1,3,1,3,7,,6,6,1,3,4,2,1,1,4,5,,1,,1,4,2,4,1,4,4,1,2,2,3,3,1,1,4,5,1,4,,2,2,1,2,2,2,5,2,1,,1,,,,,,5,1,1,4,4,4,2,2,1,1,1,1,1,,2,1,3,4,3,3,2,2,2,1,7,,1,5,1,1,1,4,4,5,,1,1,1,,2,2,,1,,,,,1,1,1,1,2,,,,2,1,,,,1,4,4,12,3,,,,,,,,,,,,,,,,,,4,,1,6,4,
mao,1,2,1,1,1,1,1,1,1,2,,1,1,1,1,5,2,,1,1,7,1,1,,2,2,2,2,1,1,1,1,1,1,1,7,6,5,3,1,1,5,,1,3,1,3,6,1,4,2,2,1,1,9,2,4,3,,1,4,2,1,1,4,,6,2,2,2,1,2,3,5,5,4,1,2,2,3,3,1,1,4,5,1,3,,2,2,1,2,2,2,6,2,1,,1,,,,,2,6,2,1,4,4,4,2,2,1,5,1,1,1,1,,1,3,4,8,5,2,2,4,2,1,1,6,2,3,1,2,3,4,4,1,3,2,1,,1,2,,1,,,,,,,,,2,,,,,1,,,,1,4,4,1,1,1,8,,,,1,8,7,4,,,,,,,,,,,,,,
yur,4,2,4,1,1,1,6,4,3,2,,1,3,1,,,,,1,1,1,5,1,4,1,1,1,2,3,1,2,3,1,1,1,6,,4,,2,,3,,3,,,2,6,1,,,2,9,3,1,,,,,,1,2,1,2,,,,1,,,,,,5,1,3,4,2,3,3,3,1,1,,,,7,,1,3,6,4,1,1,1,1,7,2,2,,,,,1,3,2,1,5,5,5,1,2,2,2,5,2,5,,,1,3,4,8,5,,,2,3,6,,1,,1,1,2,,,,,,,,,,,,,,,,,1,1,3,2,,,,,,1,,,,1,4,4,21,3,,,,,,,,,,,,,,,,,,,,,,,
ond,4,1,1,1,1,1,1,2,3,,,1,3,2,6,8,1,5,2,1,1,5,1,5,1,1,1,2,5,3,,3,3,2,2,6,,2,4,1,4,2,,5,2,1,1,6,1,,2,1,1,1,1,,,,,,1,2,1,1,,,8,,,1,4,1,4,4,4,2,1,2,2,2,2,2,4,2,5,1,7,,2,2,6,5,3,,1,,3,,,1,,,,1,3,1,1,,5,,,,4,2,5,2,2,,4,2,3,4,3,3,2,2,2,3,3,,1,,1,1,1,,,,,,,,,2,1,2,1,,,,,1,1,1,1,,,,,,15,,12,,3,4,4,21,3,,,,,,,,,,,,,,,,,,23,13,1,6,4,
yid,1,1,3,1,1,1,1,2,1,2,,1,2,1,1,5,2,3,3,1,1,1,1,,,,,,2,1,2,1,1,1,1,9,1,4,2,5,5,3,1,1,3,,2,6,,1,,1,7,5,1,,,,1,2,4,,,,6,2,,1,2,,,,,2,4,2,1,2,,3,,1,1,,,,1,,1,1,5,5,1,2,6,2,5,,,,,1,,,6,2,,,5,2,4,2,1,5,1,1,1,1,1,2,2,1,5,4,2,2,2,1,7,,6,4,2,2,2,,2,,,3,3,,,,,,6,,,,,,,,,,,,,,1,,,,1,4,4,7,3,,,,,,,,,,3,,,,4,4,1,11,,,,,,
yim,1,1,4,1,1,1,1,2,1,2,,1,2,1,2,8,1,1,3,1,,,,,1,2,5,2,4,1,1,2,5,2,3,2,6,4,,5,5,3,,3,3,1,2,6,1,,1,3,9,4,1,,6,1,1,1,,2,1,1,6,2,2,,3,,,,,2,1,4,1,2,1,2,1,1,1,1,5,1,,,1,1,6,1,1,3,2,,,,,,,,,,,,,1,,5,1,1,6,2,5,2,4,1,,2,3,4,3,4,3,4,1,2,5,,,4,3,1,1,,4,,1,3,2,1,,,,,3,,,,,3,2,1,2,,,,,,3,,,,2,4,4,20,,,,,,,,,,,20,,,,,,,,,,,,,
hun,4,3,3,4,2,1,1,2,3,2,,2,3,1,2,8,2,1,1,1,1,1,1,3,2,1,5,2,2,1,4,3,1,1,1,2,6,4,2,1,1,3,,3,2,1,6,6,3,1,1,3,8,2,1,3,7,2,2,2,2,2,1,1,6,2,7,1,1,2,1,2,4,2,5,2,1,2,1,1,2,1,1,1,1,1,7,1,1,2,,1,1,1,1,1,7,2,2,,,,,1,,2,1,3,5,3,2,2,2,2,5,2,5,1,,1,3,4,8,5,3,2,2,1,7,1,1,1,2,2,2,4,1,1,1,3,1,1,1,2,2,,1,,,,,2,2,1,1,2,,,,2,1,,,,1,4,4,2,3,15,10,,,,4,1,7,4,,,,,,,,,,,,,,
prs,3,2,3,4,2,2,1,2,3,2,,1,3,1,7,8,1,,1,1,1,1,1,3,3,1,5,2,3,1,1,3,1,1,1,2,,4,3,4,,3,,3,2,3,6,3,2,2,1,3,2,2,9,1,5,1,2,2,4,2,1,1,2,2,3,1,1,1,1,2,4,4,2,1,2,2,2,3,2,3,3,3,5,1,1,,1,1,,2,2,2,1,1,1,,1,,,,,1,1,2,1,2,2,2,2,2,2,2,5,4,2,1,2,1,3,4,8,5,2,2,1,1,7,1,1,5,2,2,1,,4,3,2,3,1,1,1,,,,1,,,,,2,2,1,1,1,,,,1,3,,,,2,4,4,20,,,,,,,,,,,5,,,,4,4,2,11,,,,,,
wch,3,2,3,1,1,2,6,2,3,2,,1,2,1,2,8,1,1,1,1,2,5,1,2,3,1,5,2,4,3,1,3,,,,2,,8,1,1,4,3,,2,,,,6,1,,,1,1,1,9,2,,,,,1,1,1,3,,,7,,2,2,2,1,4,2,1,4,4,2,2,3,3,1,1,4,2,1,2,,1,2,1,2,1,2,2,1,1,,1,,,,,,1,1,1,4,4,4,1,1,2,,5,5,2,3,4,2,3,4,8,5,1,2,2,3,2,1,1,,3,1,1,,,,2,,,,,2,2,,6,,,,,1,1,2,2,,,,,3,8,,,,1,2,4,16,3,,13,7,,,4,1,2,4,,,,,,,,,,,,,,
mrt,3,1,5,1,1,1,1,2,1,2,,1,2,1,2,8,2,1,3,1,1,1,1,2,2,2,2,2,2,2,3,1,1,1,1,2,,5,4,,,5,2,1,2,1,1,6,1,1,,1,8,6,1,2,1,1,1,,2,2,1,2,4,2,8,,,2,1,1,4,2,4,3,4,2,,3,,2,2,4,5,1,2,,1,2,1,5,3,2,1,1,5,,,,,1,,,6,1,,,5,4,2,2,1,5,1,1,1,3,2,1,3,4,8,5,2,2,2,1,7,,6,,,,,,4,5,1,3,3,3,3,2,2,,6,,,,,1,1,1,1,,,,,,1,,,,1,4,4,2,3,,2,,,,4,1,7,4,,,,,,,,,,,,,,
mrl,3,3,2,2,2,1,3,2,,2,,1,2,2,1,5,2,,1,5,,,,,,,,,3,,2,2,1,1,1,2,,7,,,,3,,2,,,,6,1,,,3,4,4,1,,,,,,2,,,,,,,,,,,,,4,5,,4,,2,,,1,1,4,2,3,3,,2,2,1,4,2,2,2,2,1,,1,,,,,,6,2,,5,4,4,3,2,2,2,5,2,2,2,,1,3,4,8,5,2,2,2,1,7,,6,,1,1,1,,,,2,,,,,2,,,,5,3,2,1,,,,,,,,,,1,,,,1,4,4,9,3,,,,,,,,,,,,,,,,,,1,,1,6,4,
ger,3,3,1,4,2,3,1,2,2,2,,2,3,1,1,4,3,1,1,1,1,2,1,2,2,2,2,2,2,3,3,2,3,2,3,2,6,4,3,1,2,3,,3,1,1,5,3,2,4,2,2,4,6,1,1,6,5,1,,4,2,1,1,,,3,,1,2,1,2,1,2,2,1,4,2,2,1,1,2,5,1,5,1,7,1,1,3,6,2,2,1,1,1,1,,1,,,,,1,6,1,1,5,5,5,2,2,2,1,2,2,1,1,3,1,3,4,8,5,1,2,2,1,7,2,4,,,,,,1,1,1,2,2,1,,2,2,,1,7,7,1,1,2,2,1,1,2,,,,2,6,,,,1,1,4,16,6,,13,15,,,4,8,7,1,15,9,,,4,4,1,11,,,,,,
geo,4,2,4,4,1,4,2,3,3,2,,1,3,1,5,8,1,1,1,1,1,1,2,5,3,2,5,2,3,1,3,3,1,1,1,2,6,5,2,,,3,,2,3,3,3,6,2,1,1,2,6,4,1,3,6,2,1,1,4,2,1,1,6,2,3,1,1,1,1,1,4,2,5,,4,1,2,3,2,3,6,3,2,2,1,,1,1,,1,1,1,1,1,1,,1,,,,,,6,2,1,1,2,1,6,1,2,4,5,2,3,1,2,1,3,4,3,2,2,2,2,1,7,3,6,5,2,2,1,1,1,1,3,2,2,1,1,1,2,,2,,,,,2,2,1,1,1,,,,1,1,,,,1,4,4,7,3,,,,,,,,,,3,,,,4,4,1,11,,,,,,
tur,3,3,3,4,2,1,1,2,3,2,,2,2,1,1,5,6,5,1,1,1,1,1,4,2,3,5,2,2,1,4,3,1,1,1,2,6,8,1,4,2,3,,3,2,3,3,6,2,2,1,2,6,2,1,1,5,4,2,1,2,2,1,1,6,2,2,1,1,1,1,1,4,2,1,1,1,2,1,2,1,3,3,1,5,1,1,,1,1,3,1,1,1,1,1,2,1,,,,,,1,2,2,5,1,1,1,2,2,2,2,2,4,1,1,2,1,3,4,8,5,2,2,1,3,3,1,1,2,2,2,1,1,4,4,1,3,3,2,2,2,2,,1,,,,,2,2,1,1,1,,,,1,4,,,,4,2,4,20,,,,,,,,,,,6,,,,4,4,8,2,,,,,,
tuk,3,2,3,1,1,1,3,2,1,2,,1,1,1,6,8,1,1,1,1,7,3,2,4,4,2,5,2,5,1,1,3,1,1,1,9,,4,3,2,4,3,,3,3,1,1,6,3,,1,2,1,1,9,,3,1,2,1,4,2,1,2,6,2,4,,1,2,4,1,4,1,2,4,4,2,2,1,3,1,1,1,5,1,4,,2,2,,2,2,2,2,2,7,,3,3,,,,,2,3,1,4,5,4,4,4,2,2,5,2,2,2,2,1,3,4,3,3,3,2,,1,7,,1,,1,1,2,,4,4,3,2,2,1,1,,,,1,,,,,1,1,1,1,,,,,2,1,,,,1,4,4,12,3,,,,,,,,,,,,,,,,,,4,,1,6,4,
tun,2,3,2,2,2,1,1,2,3,2,,1,,,2,8,1,5,1,1,,,,,1,1,1,2,2,,1,3,2,2,2,2,,3,,,,3,,3,,,1,1,,1,,2,9,2,1,,,,1,,1,1,1,2,,,,,,,,,,2,1,4,,2,2,,,2,2,,,,1,,1,1,6,1,1,2,,,1,,1,,,,,2,6,,4,1,2,2,1,1,4,2,5,2,3,,,2,,,,,,4,1,3,3,,2,,,,,,,,,,,,,2,1,2,,,,,,1,1,3,2,3,,,,,4,,,,4,2,4,20,,,,,,,,,,,6,,,,4,4,8,2,,,,,,
kew,3,2,3,1,1,1,1,3,3,,,1,1,2,1,7,6,5,1,1,1,1,3,4,2,2,2,2,2,,1,2,1,1,1,2,,4,,5,5,3,,3,,,1,6,1,,,2,6,2,6,,8,,1,,4,2,1,1,,,,,,2,2,1,3,2,1,1,4,2,,3,,3,2,1,5,1,1,,1,1,,1,1,1,1,2,7,3,,2,,,,,2,2,2,1,5,1,4,4,4,2,2,2,1,,1,2,3,4,1,4,,2,1,1,7,,1,,2,1,2,,,,,3,1,1,1,2,2,,,,,,,1,1,1,1,,,,,,3,,,,2,4,4,20,,,,,,,,,,,5,,,,4,4,2,11,,,,,,
bma,3,1,5,4,3,2,1,2,3,2,,1,3,1,7,8,1,,1,4,6,1,1,4,2,2,2,2,4,1,1,3,2,2,3,6,,5,,,,3,,3,,,1,1,1,,,3,2,4,2,2,6,,,,2,2,1,2,,,,2,2,1,4,2,4,4,1,3,4,2,2,,,,,4,1,1,3,,2,2,1,2,2,2,6,1,1,,1,,,,,,1,1,1,4,4,4,3,1,2,2,5,2,2,1,2,1,3,4,8,5,,2,2,2,5,1,1,,1,1,2,1,4,4,2,2,2,2,2,,,,1,,,,,1,1,3,2,3,,,,,,,,,,,,,,,,,,,,,,,,,,,,,,,,,,,,
pau,3,1,5,4,1,1,3,1,3,2,,1,1,1,5,8,1,,1,1,,,,,3,1,5,2,4,1,2,3,4,2,2,9,,3,3,5,5,3,,3,3,1,2,3,,,2,2,3,4,6,,,,1,,3,2,1,2,,,,,,,,,,2,1,2,4,2,2,3,3,2,4,,,,2,,2,3,6,1,1,2,1,2,1,,1,,,,,,6,1,5,5,5,5,4,2,6,2,2,4,1,,,1,3,4,1,4,2,2,5,1,7,,2,4,1,1,2,3,,,,2,1,3,,,,,,,,,,1,1,1,1,,,,,,8,,,,1,2,4,16,,,13,9,,,1,1,2,4,,,,,,,,,,,,,,
pai,3,1,4,4,2,2,1,3,1,2,,1,2,1,6,8,1,5,1,1,7,3,1,3,3,3,3,2,4,1,4,3,1,1,1,,,4,,,,5,,1,2,1,,6,1,,,2,1,3,9,2,4,,,,,2,1,1,,,,,2,2,4,2,3,4,4,4,4,2,1,2,3,2,2,,,,7,2,2,2,,2,2,2,1,2,1,,1,,,,,,6,1,1,4,4,4,,,1,2,1,1,1,4,,2,2,1,3,3,,2,2,3,3,1,6,,1,1,1,,4,,,1,1,1,,,,,1,,,,,1,1,1,1,,,,,,1,,,,1,4,4,16,3,,,,,,,,,,,,,,,,,,5,,1,6,4,
nav,4,1,5,3,1,1,2,4,3,1,,1,2,2,1,,,,1,1,1,,,,,,,,6,3,1,3,,,,2,,6,,,,3,,3,5,1,,3,,1,2,4,1,1,9,2,5,,1,,1,,,,,,8,2,1,,,,,1,5,4,4,2,1,2,2,2,4,4,5,4,1,,1,1,4,1,1,2,1,1,3,,,1,,,,1,5,2,1,1,5,2,1,,2,2,5,5,3,,,1,,,,,1,1,2,2,3,1,1,4,1,1,1,1,,,2,,,,,2,1,3,1,,,,,,,,,,,,,,1,,,,1,4,4,16,,,,,,,,,,,15,3,,,1,1,1,11,,,,,,
amh,4,3,4,2,2,1,2,2,3,,,1,2,1,,,,,1,1,,,,,,,,,3,1,,,2,2,3,2,,4,2,1,2,,,,,,,1,,,1,3,2,2,1,,,2,1,,2,2,1,1,,,2,1,,2,1,2,3,4,1,4,4,,2,1,3,,,,,,1,,1,1,,4,1,1,1,1,2,1,,,,,,,,2,2,5,1,1,,,2,2,5,2,2,2,,1,,,,,,2,6,,,,3,1,2,2,1,1,,,,,,,,1,2,,1,,,,,1,1,1,1,1,,,,,14,4,,,2,2,4,18,,,,,,,,,,,16,,6,,4,4,6,6,,,,,,
ame,5,2,3,2,3,1,1,2,3,2,,1,2,1,1,5,3,5,1,3,1,5,1,4,1,2,5,2,2,1,1,2,1,1,1,6,3,5,4,4,1,3,,3,3,1,1,6,1,2,1,2,1,1,9,2,5,1,1,2,2,2,1,4,4,2,2,2,2,2,2,1,2,2,5,4,1,2,3,3,3,1,1,4,5,2,1,,1,1,3,1,1,2,2,2,1,,1,,,,,2,2,2,2,1,2,2,1,1,2,,5,2,3,1,1,2,3,4,1,4,1,2,2,3,3,,1,4,2,1,2,2,2,2,2,2,3,1,1,,,,,,,,,1,1,1,1,,,,,2,15,,18,,1,2,4,19,,,,,,,,,,,17,,,14,4,2,3,4,,,,,,
kmu,3,3,2,1,1,1,7,2,1,2,,1,3,2,7,8,1,,1,1,,,,,,,,,1,,1,1,2,2,2,9,,4,,,,3,,1,,,1,1,1,3,2,2,1,1,9,,,1,3,,4,,,,,,7,,2,2,4,2,2,5,5,2,4,2,2,3,3,1,1,,,,2,,1,2,,2,2,2,2,2,,,,,,,,3,2,,,4,,4,1,1,1,5,1,1,1,1,,2,,,,,1,4,,1,7,1,1,,,,,,,,1,1,,,1,,,,,,,,,,,,,,,,,2,1,,,,1,4,4,21,,,11,,,,,,7,4,,,,,,,,,,,,,,
aco,2,2,5,1,1,1,6,1,3,2,,1,2,3,,,,,1,5,1,5,2,3,1,1,1,2,4,,1,3,1,1,1,2,4,1,4,5,5,1,,2,3,1,,,1,1,,2,1,1,,2,5,,1,,1,1,1,1,,,,,1,2,4,2,4,2,1,2,4,2,1,2,3,3,2,4,3,1,7,,1,3,6,1,1,3,1,3,,,,,,,,,,,1,5,5,5,1,,4,2,5,2,5,,,2,1,,3,4,,,2,3,3,,,,1,1,1,,1,1,,,1,,1,,,,1,,,,,1,1,1,1,,,,,,8,,,,1,2,4,,,,,,,,,,,,,,,,,,,,,,,,,
yaq,2,2,3,2,1,1,1,2,3,2,,1,2,2,2,8,7,1,1,1,1,2,1,3,3,3,3,2,2,1,2,1,1,1,1,2,6,4,2,4,1,3,,1,,,1,6,1,1,2,2,2,2,1,2,4,,,,4,2,1,1,,,8,1,1,1,1,1,4,2,1,4,4,2,2,2,3,2,2,4,5,2,1,,1,1,,1,1,1,1,1,1,,1,,,,,1,1,2,5,1,2,1,2,2,1,6,1,1,1,3,4,1,3,4,1,4,2,2,2,1,7,3,1,5,1,1,2,,4,,4,1,1,1,1,,,,2,,,,,1,1,2,2,,,,,,1,,,,1,4,4,6,2,,,,,,,,,,2,,,,4,1,8,11,,,,,,
heb,,,,,,,,,3,2,,,,,7,8,1,1,,,6,5,3,3,2,2,5,2,3,1,1,2,2,2,3,2,6,4,4,3,2,3,,3,2,1,2,1,1,1,1,3,1,1,7,1,6,1,1,2,2,2,1,1,6,2,6,1,1,2,1,1,4,4,1,4,1,2,2,1,1,1,1,1,5,1,2,,1,2,,2,2,2,2,1,1,,1,,,,,3,1,1,1,4,4,4,2,2,2,6,2,4,1,1,3,1,3,4,8,5,2,2,2,3,1,1,1,1,2,2,2,1,4,3,1,2,1,1,1,2,2,,1,,,,,1,1,1,1,2,,,,1,1,,,,1,4,4,2,3,,2,,,,4,1,7,4,,,,,,,,,,,,,,
juh,5,2,5,4,2,1,2,2,2,,,1,1,3,,,,,1,2,,,,,4,4,4,1,1,,1,1,5,3,3,8,6,5,,1,1,5,,1,3,,5,2,1,,1,2,1,1,9,1,,,1,,4,2,1,3,,,,1,2,1,4,2,4,5,5,2,1,2,,3,,1,1,,,,2,,1,2,,1,1,2,2,2,1,,1,,,,,,3,2,1,3,4,4,1,1,1,1,1,1,1,3,,2,3,4,5,2,,3,4,1,7,,1,5,1,2,1,,,,3,1,1,1,1,2,2,,,,,,,1,2,1,1,2,,,,,1,,,,1,4,4,2,3,,2,,,,4,1,7,4,,,,,,,,,,,,,,
yag,1,2,1,1,1,1,1,1,3,1,,1,2,2,,,,,3,1,1,5,1,6,5,1,5,2,2,3,1,1,,,,2,,4,2,5,5,5,,5,2,1,6,6,1,3,,4,9,2,1,,,,3,,1,2,1,1,2,4,1,,3,1,3,2,4,2,5,1,,2,,2,,1,1,4,5,1,7,,2,2,,1,1,2,1,1,1,,1,,,,,1,3,1,5,3,4,4,1,1,4,3,5,2,2,3,4,2,3,4,5,3,,2,2,1,7,,1,,2,2,2,3,,,1,3,3,3,1,,,,1,,,,,1,1,1,1,,,,,,1,,,,1,4,4,21,3,,,,,,,,,,,,,,,,,,6,,1,6,4,
orh,4,2,4,4,3,1,5,2,3,2,,1,2,3,,,,,1,1,1,1,1,4,4,5,5,2,2,1,2,2,2,2,3,9,2,4,,5,5,3,,3,2,1,1,3,1,2,2,2,6,4,1,2,6,,1,,4,2,1,2,,,2,1,2,1,1,2,3,2,1,2,4,2,2,1,2,1,1,1,2,1,1,,1,1,3,1,2,2,2,2,1,,1,,,,,1,6,2,1,1,2,2,3,2,2,2,2,3,1,1,2,2,3,4,8,5,2,2,6,3,5,1,6,5,3,2,2,,4,4,3,3,1,1,,,,,1,,,,,1,1,1,1,1,,,,,14,6,,,2,4,1,18,,,,,,,,,,,16,,7,,4,4,6,11,,,,,,
igb,5,3,3,4,2,1,1,2,1,2,,1,1,2,,,,,1,3,,,,,,,,,,1,1,1,1,1,1,6,,4,,,,3,,1,,,,6,1,,,2,1,1,,,6,,1,,4,,,,,,,1,,,,,,2,1,1,4,2,2,1,2,1,1,4,5,1,2,,1,2,1,2,2,2,2,2,1,,1,,,,,,6,2,1,4,4,4,3,3,1,4,1,1,1,2,,2,3,4,3,4,1,2,,2,3,,6,5,3,1,1,2,,,,3,3,3,1,1,2,,3,,,,,,,,,,,,,2,,,,,,,,,,,,,,,,,,,,,,,,,,,,,,,,
yor,2,3,2,2,3,1,1,2,3,1,,1,1,3,,,,,1,3,4,1,1,4,3,1,5,2,1,1,4,1,1,1,1,7,4,4,1,5,5,3,,1,2,1,1,6,2,2,2,2,1,1,9,2,4,2,1,,4,2,1,1,,,7,2,2,2,4,2,2,5,5,,,2,2,1,1,1,1,4,5,1,2,,1,2,,2,2,2,2,2,1,,1,,,,,,6,1,1,4,4,4,1,2,1,5,1,1,1,3,4,2,3,4,8,5,3,1,4,3,3,,6,5,1,1,1,2,3,,1,1,1,1,1,,,,3,,,,,1,2,1,1,2,,,,2,1,,,,1,4,4,2,3,,2,,,,4,1,7,4,,,,,,,,,,,,,,
zqc,2,2,2,1,1,1,1,2,2,,,1,3,1,6,8,1,1,1,1,1,1,1,4,3,3,3,2,4,,4,3,1,1,1,2,,4,,1,,5,,5,,,,6,1,,2,1,2,2,1,,,,,,1,2,1,1,,,,1,,1,1,2,3,2,1,4,4,,2,2,3,2,2,,,,4,,2,2,,5,1,1,1,,,,,,,,,1,6,,5,,,3,4,4,2,2,5,2,5,,,2,1,2,1,4,,,3,2,4,,2,4,1,1,1,,,,,,,,,,2,,3,,,,,1,1,1,2,3,,,,,7,,,,3,4,4,16,3,,,,,,,,,,,,,,,,,,13,,7,6,4,
ala,3,3,2,2,2,1,1,1,3,2,,1,3,1,1,6,5,,1,1,1,5,1,6,1,2,5,2,2,1,1,3,2,2,2,8,6,6,3,1,4,3,,3,2,1,5,3,1,,1,2,7,2,6,2,6,,1,,4,2,1,1,,,8,1,2,1,2,1,4,2,1,4,1,2,,,,1,1,1,5,1,1,,1,1,6,1,1,1,1,1,2,1,,,,,,2,6,2,,1,1,1,1,,2,2,5,2,2,3,,2,3,4,1,4,,4,2,3,2,,6,4,3,1,1,,4,4,,3,3,3,,,,,3,,,,,1,1,1,1,,,,,,1,,,,1,4,4,7,3,,,,,,,,,,3,,,,4,4,1,11,,,,,,
mnd,4,2,3,3,1,3,1,2,2,2,,3,2,3,1,7,6,,1,1,7,1,1,1,2,2,2,2,2,1,1,1,1,1,1,2,2,8,3,,,5,,1,2,1,6,3,2,4,1,2,1,1,9,2,4,1,3,3,4,2,1,1,1,6,8,2,2,1,4,2,4,2,5,2,4,2,2,1,1,1,1,4,5,1,2,,1,2,2,4,1,1,1,1,2,1,,,,,,1,2,2,,5,3,3,1,1,1,5,1,1,1,4,2,1,3,4,8,5,,3,2,3,1,1,1,3,1,1,1,2,4,4,1,1,1,1,1,2,2,,1,7,5,1,1,1,1,1,1,1,,,,,1,,,,1,4,4,2,3,,2,,,,4,1,7,4,,,,,,,,,,,,,,
nbd,,,,,,,,,,,,,,,1,5,4,4,,,1,1,1,,2,2,2,2,2,,4,2,1,1,1,2,6,4,,4,1,3,,3,2,,,6,1,2,2,3,6,2,6,,,2,1,1,1,2,1,2,6,2,,,,,,,,2,1,2,4,2,3,,,1,1,,,,1,,1,1,,1,1,2,1,2,1,,1,,,,,1,6,2,4,1,2,2,2,2,2,2,2,2,1,1,,1,,,,,,2,1,2,1,,2,,,,,,4,,,3,3,3,1,1,2,,1,,,,,,,,,1,,,,,4,,,,4,2,4,20,,,,,,,,,,,6,,,,4,4,8,2,,,,,,
abk,5,1,5,4,2,2,2,2,3,2,,1,3,1,1,7,6,,1,4,1,5,1,6,1,1,1,2,4,1,1,3,3,2,2,2,6,4,2,1,2,5,,3,2,1,,1,,3,2,4,2,2,9,2,5,7,1,,1,2,1,1,6,2,3,1,1,1,1,1,3,2,1,3,4,1,2,1,2,2,2,1,5,1,1,,1,1,3,1,1,2,1,3,2,1,,,,,,1,6,2,4,1,1,2,1,1,3,2,5,2,3,1,2,2,3,4,4,1,2,2,1,3,3,1,2,5,1,1,1,,4,4,2,2,3,3,2,2,2,,2,,,,,1,1,1,2,,,,,,11,,,,2,2,4,20,,,,,,,,,,,15,6,,,4,4,2,2,,,,,,
klv,3,2,3,2,2,1,1,2,3,2,,1,2,1,1,3,4,,1,1,,,,,,,,,5,1,1,3,1,1,1,6,,4,,5,5,5,,5,3,1,4,3,1,4,,3,1,1,9,2,8,1,3,,2,,,,,,8,,,,,,,1,5,2,1,2,1,2,3,1,1,4,5,1,7,4,2,2,,2,1,2,2,1,1,,1,,,,,,6,1,1,4,4,4,1,,2,2,5,2,2,3,,2,3,4,8,5,1,1,2,1,7,1,6,3,1,1,2,,4,4,2,1,1,1,,,,,1,,,,,,,,,,,,,2,1,,,,1,4,4,21,,,13,27,,,,,7,4,,,,,,,,,20,,1,6,4,
bkr,2,3,2,2,2,1,1,2,1,2,,1,2,1,1,3,7,,1,1,,,,,,,,,2,,1,3,1,1,1,5,,4,,3,4,5,,1,,,,6,,,2,2,1,1,9,,,1,2,2,2,,,,5,5,,2,1,,,,,2,4,2,1,2,1,3,3,1,1,,,,7,3,3,2,1,2,2,2,2,1,1,,1,,,,,1,3,1,1,4,4,4,1,1,2,6,3,2,1,,,2,3,4,,,2,2,4,1,7,1,1,,,,,,4,5,,1,1,1,1,,,,1,,,,,,,,,,,,,,1,,,,1,4,4,16,3,,13,10,,,4,1,7,4,,,,,,,,,14,,1,6,4,
wrd,2,2,3,1,1,1,1,2,1,2,,1,3,1,6,8,1,1,3,1,1,1,1,,,,,,4,1,4,3,3,3,2,2,4,6,2,3,,5,,5,3,1,2,6,,1,,1,7,3,1,,1,,,,,,,,,,,,2,,,,,,1,3,,2,,2,,1,1,,,,7,,3,3,6,1,3,2,1,1,,,,,,,,,,2,,5,5,5,4,4,2,2,5,4,5,3,,2,2,1,8,5,,3,2,1,7,,,,,,,,4,,,3,3,1,,2,2,,,,,,,1,1,1,1,,,,,,1,,,,1,4,4,21,3,,,,,,,,,,,,,,,,,,,,,,,
hzb,4,3,3,4,2,4,2,4,3,1,,1,2,1,1,3,2,,1,4,1,1,5,4,,,,,2,1,4,3,5,2,2,2,6,4,,5,5,3,,1,3,3,2,6,,1,,2,8,6,1,2,4,2,1,1,4,,,,6,4,,,1,,,,,2,4,4,1,1,2,3,3,2,3,1,5,1,1,,1,1,,1,1,1,1,1,2,1,,,,,,,6,,4,1,1,1,4,1,2,,2,1,1,1,,2,1,2,8,5,,2,1,3,3,1,2,,2,2,1,1,4,4,1,3,,3,,,,,1,,,,,,,,,,,,,1,4,,,,4,2,4,20,,,,,,,,,,,6,,,,4,4,8,2,,,,,,
gua,3,2,3,3,1,1,1,2,3,1,,1,1,1,7,8,1,,1,1,1,5,1,3,1,1,1,2,6,,1,3,1,1,1,7,2,4,4,1,4,5,,5,3,2,1,6,1,4,,3,1,1,9,2,5,,1,,1,2,2,1,,,7,1,1,2,1,1,4,5,2,4,1,1,,,,2,4,4,1,1,2,,1,2,1,1,1,2,1,1,,,,,,,,,,2,,3,,4,2,2,4,2,5,5,5,1,2,2,3,4,8,5,,2,6,3,3,1,1,5,1,1,2,1,4,3,4,1,1,1,,2,2,,1,,,,,1,1,1,1,2,,,,,14,1,,,1,1,4,18,,,14,,2,,4,5,5,4,,,,,,,,,,,,,,
asm,3,2,1,1,1,1,1,1,3,2,,1,2,1,7,8,6,2,1,1,1,5,1,3,1,4,5,2,2,1,1,3,1,1,1,2,,7,3,2,,3,,3,4,,4,6,1,,1,2,1,1,9,,,,,,4,1,1,2,,,,1,,2,2,1,3,2,4,,4,2,1,2,3,2,2,4,5,1,1,,1,1,,5,1,2,1,2,2,1,,,,,,2,2,2,2,,1,2,1,,2,2,5,4,3,,2,2,3,4,2,4,,2,2,3,2,,1,3,2,2,2,,,,,,,,,,,,,,,,,1,1,3,2,,,,,,2,,,,4,1,4,8,4,,,,,,,,,,4,,,,4,4,8,1,,,,,,
koa,1,1,4,2,1,1,1,4,3,1,,1,2,3,1,3,2,,1,1,1,1,1,7,3,1,5,2,4,1,4,3,1,1,1,8,2,3,,1,,3,,3,5,1,1,6,1,1,2,3,6,2,6,2,6,,,,1,1,1,2,,,,,2,2,2,1,4,,1,4,1,2,1,2,2,3,2,4,5,4,1,,1,1,5,1,1,2,1,2,7,3,,2,,,,,,,,1,5,2,2,,4,2,5,5,3,1,2,1,3,4,8,5,,4,1,3,3,1,,3,,,,,2,,,,,,,2,2,,1,,,,,1,1,1,1,,,,,,4,,,,4,2,4,20,,,,,,,,,,,6,,,,4,4,8,2,,,,,,
kob,3,3,2,1,1,1,1,2,2,2,,1,2,1,6,8,1,5,1,1,,,,,4,4,5,2,2,,1,2,1,1,1,2,3,4,,4,1,3,,3,2,1,1,6,1,2,1,2,1,3,9,2,1,,1,,1,2,1,2,,,1,2,2,,,,,2,1,1,1,2,1,3,3,1,1,,,,1,,1,1,,1,1,2,2,2,7,5,,,,,2,2,2,2,,1,5,2,1,2,2,2,2,4,1,2,,2,3,4,8,5,1,3,1,1,7,1,1,3,2,2,2,3,4,4,4,3,1,2,,,,,5,,,,,1,1,1,1,,,,,,4,,,,4,2,4,20,,,,,,,,,,,6,,,,4,4,8,2,,,,,,
kor,3,3,2,1,1,1,2,2,2,2,,1,2,1,,,,,1,1,1,1,1,4,2,2,2,2,2,1,1,1,,,,2,,6,1,5,5,3,,1,3,2,1,3,4,1,1,2,6,2,1,2,4,4,3,,,2,1,1,6,6,1,1,2,1,1,2,4,2,4,2,4,2,3,3,2,2,2,4,5,1,1,,1,1,,1,1,1,1,1,2,1,,6,,,,1,6,2,2,1,1,1,2,2,1,5,1,1,1,1,2,1,3,4,8,5,2,2,2,3,4,1,2,1,3,1,1,1,4,4,1,1,1,1,1,2,2,,1,7,7,1,1,1,1,1,1,1,,,,2,1,,,,1,4,4,7,3,,,,,,,,,,3,,,,4,4,1,11,,,,,,
kay,2,1,4,1,1,1,1,2,1,2,,1,2,1,2,8,7,1,3,1,1,4,5,3,2,2,2,2,2,1,3,1,1,1,1,9,1,5,3,1,2,5,,1,2,1,6,6,1,1,1,1,8,2,1,2,1,7,,2,,2,1,2,6,1,8,,,2,4,1,4,2,4,4,4,2,1,2,2,3,2,4,5,1,7,,1,3,6,5,1,1,1,1,1,,1,,,,,,6,2,,5,5,5,2,2,1,5,1,1,1,,2,1,3,4,8,5,2,2,1,3,5,,6,4,,,,,4,4,4,1,1,1,1,,,,6,,,,,1,1,1,1,,,,,,4,,,,4,2,4,,,,,,,,,,,,,,,,,,,,,,,,,
hix,2,2,3,2,4,1,1,3,3,2,,1,2,1,1,7,4,2,1,1,1,5,1,3,1,1,1,2,4,3,1,2,2,3,2,7,2,4,1,5,5,5,,5,3,1,2,2,1,,2,3,1,1,9,2,1,1,1,1,1,1,1,1,,,3,1,3,1,2,2,4,2,1,1,1,2,,3,,3,2,1,5,1,5,,2,1,5,1,1,2,,1,1,,1,,,,,2,6,1,2,1,2,2,1,1,6,2,5,2,2,1,3,1,3,4,8,5,,2,1,2,1,,6,4,2,2,2,3,4,2,1,3,3,3,1,,,,6,,,,,1,1,1,2,,,,,,4,,,,4,2,4,20,,,,,,,,,,,,,,,,,,,,,,,,4
hin,5,2,4,4,2,1,1,2,3,1,,1,3,1,1,4,4,,1,1,1,1,2,2,3,2,5,2,2,1,3,2,2,2,3,2,6,4,4,5,5,3,,1,,,2,6,3,3,1,2,,,1,2,6,2,1,3,,2,1,1,6,6,2,1,1,1,1,1,3,2,1,2,4,2,2,1,2,1,1,3,5,1,1,,1,1,,1,1,1,1,1,4,,,,1,,,1,1,2,1,1,5,1,5,5,2,,2,2,1,1,2,1,3,4,8,5,2,2,2,3,3,1,1,1,2,2,1,1,2,2,1,,2,2,1,,,,1,,,,,2,2,1,1,1,,,,1,1,,,,1,4,4,7,3,,,,,,,,,,3,,,,4,4,1,11,,,,,,
cre,1,1,2,1,1,1,1,1,3,2,,1,2,1,5,8,1,1,1,1,7,3,1,4,1,1,1,2,4,1,1,3,2,3,2,2,6,3,3,,,5,,4,3,1,1,3,1,,,1,9,2,1,,,,1,,1,1,1,1,,,7,1,,2,4,2,4,1,1,2,4,2,2,2,3,,,4,5,1,7,,3,2,6,5,,,1,,,,,,,,,,3,,,,,,,,5,3,5,5,3,3,,2,1,1,1,4,,2,2,1,7,,1,,1,1,1,,,,,,,,,2,2,,,,,,,1,1,1,1,3,,,3,,1,,,,1,4,4,21,3,,,,,,,,,,,,,,,,,,,,,,,
arp,2,3,2,2,2,1,1,2,3,2,,1,2,1,6,8,1,,1,1,1,5,1,3,1,2,5,2,5,1,1,3,5,2,3,2,,5,2,,1,3,,3,2,1,4,2,1,,,1,1,1,9,2,1,,,,,2,1,1,,,8,,,2,4,1,4,1,1,2,4,2,,,,1,1,4,5,1,2,,1,2,,2,3,1,1,1,,,,,,,,,2,2,5,4,,3,1,1,4,2,5,2,2,,1,2,3,4,3,2,,,2,3,2,,1,,3,1,2,3,4,,,1,,,1,,,,,,,,,1,1,1,1,,,,,,15,,1,,1,1,4,19,3,,15,,,1,4,3,7,3,,,,,,,,,,,,,,
arm,1,2,4,3,1,3,2,2,3,2,,1,,1,1,5,5,4,1,1,,,,2,,,,,2,2,3,3,1,1,1,2,6,5,4,3,1,3,,3,,,3,6,2,,1,2,5,3,1,2,6,7,1,1,2,2,1,1,,,2,1,,1,1,2,3,2,1,2,4,2,2,3,2,,,3,2,1,7,1,1,3,6,1,1,1,1,1,7,2,2,,,,,1,6,2,1,5,5,5,2,2,2,2,2,4,1,,,1,3,4,8,5,2,2,5,3,1,,6,2,2,2,1,,,,,,,,,,,,1,,,,,,,,,2,,,,,7,,,,3,4,4,16,,,13,22,,,4,1,7,4,15,16,,,4,4,7,11,,,,,,
ika,2,3,2,2,2,1,1,1,3,,,1,2,1,,,,,1,1,,,,,4,2,5,2,3,3,4,2,1,1,1,7,,5,,5,5,3,,3,3,,1,6,,,,2,6,2,6,,1,,1,1,1,,,,6,,8,,2,,,,,2,5,2,4,2,1,2,2,3,6,2,5,1,1,,1,1,,1,1,2,,3,3,,,1,,,,1,2,,4,1,5,2,4,,4,2,5,4,2,4,4,2,3,4,3,4,2,2,1,2,1,,3,,,,,,2,2,1,3,3,1,1,1,2,,1,,,,,,,,,,,,,,4,,,,4,2,4,20,,,,,,,,,,,6,,,,4,4,8,2,,,,,,
swa,4,2,4,4,2,1,1,2,1,2,,1,1,1,6,8,1,,1,5,1,5,1,3,1,2,5,2,5,1,1,2,5,3,3,1,6,4,3,2,,3,,3,2,1,,2,1,2,2,2,1,1,5,2,7,2,1,,2,2,1,1,,2,2,2,,2,1,1,3,1,1,4,1,2,1,2,2,1,1,4,2,1,2,,1,2,,2,2,2,2,2,1,,1,,,,,,1,2,1,4,4,4,1,1,2,2,5,2,2,2,2,1,3,4,3,2,2,2,1,3,3,1,1,4,3,2,1,2,4,5,,,,,1,1,2,,1,,,,,1,2,1,1,1,,,,2,3,,,,2,4,4,20,,,5,,,,4,2,7,4,,,,,,,,,,,,,,
gar,2,2,3,2,2,1,1,1,2,2,,1,2,1,,,,,1,1,1,1,1,2,,,,,2,1,4,1,,,,8,4,4,1,5,5,5,,1,,,6,6,1,1,1,1,7,2,6,,5,2,3,,4,,,,,,,,1,,,,,2,4,4,4,2,1,2,3,2,2,4,5,1,1,,1,1,,1,1,2,1,2,2,1,,,,,,,6,2,4,1,1,2,2,2,1,5,1,1,1,1,,2,,,,,,2,1,3,3,,2,,1,1,1,,,,1,,,,,,,,1,,,,,,,,,,,,,,4,,,,4,2,4,20,,,,,,,,,,,6,,,,4,4,8,2,,,,,,
jpn,2,2,3,4,2,3,1,1,3,2,,1,2,2,,,,,1,1,1,1,1,3,2,2,2,2,2,2,1,1,,,,2,2,8,1,4,1,3,,1,3,3,1,2,4,1,1,2,7,2,6,2,4,4,3,3,4,2,1,1,2,7,4,2,2,2,1,2,4,2,4,2,4,2,1,3,2,2,2,4,5,1,1,,1,1,3,1,1,1,1,1,2,1,,6,,,,1,2,2,2,1,1,1,2,2,1,5,1,1,1,1,2,1,3,4,8,5,,2,1,2,5,1,1,1,3,1,1,1,4,4,4,2,2,1,1,1,2,,1,7,7,1,1,1,1,1,2,1,,,,2,4,,,,4,2,4,20,,,,,,,,,,,6,,,,4,4,8,2,,,,,,
ewe,4,3,3,4,2,1,1,2,1,,,1,2,2,,,,,1,3,,,,,4,2,5,1,4,1,1,2,1,1,1,8,,6,1,2,1,3,,1,2,,,6,1,2,2,3,1,1,9,1,6,,,,2,2,1,2,,,7,2,,2,4,1,4,,5,2,4,2,2,1,2,1,1,1,5,1,2,,1,2,,1,1,2,2,2,1,,1,,,,,,2,2,1,3,4,4,1,1,2,2,5,2,2,,,2,3,4,8,5,1,1,6,3,3,,1,1,3,1,1,,,,2,,1,1,,,,,1,,,,,,,,,2,,,,,14,1,,,1,1,4,18,,,14,,1,,4,5,7,3,,,,,,,,,,,,,,
knm,3,2,3,2,3,1,1,2,1,2,,1,2,2,1,4,6,4,1,1,7,1,1,,2,2,2,2,3,,1,2,,,,8,,5,,3,4,5,,5,2,2,,6,1,,2,2,6,2,6,2,6,,,,2,2,1,2,,,,2,,,,,,2,1,2,1,,2,,,1,1,4,2,5,1,,1,1,,1,1,2,2,2,1,,1,,,,,1,6,,,1,2,2,2,2,2,2,5,4,5,1,,1,,,,,3,2,1,3,3,,2,5,3,1,2,,4,4,,,,,,,,,1,,,,,,,,,,,,,,4,,,,4,2,4,20,,,,,,,,,,,6,,,,4,4,8,2,,,,,,
knd,3,2,5,2,2,1,1,2,3,2,,1,3,1,,,,,1,1,1,1,1,2,2,2,2,2,2,1,4,2,3,2,2,2,5,7,3,,2,3,,3,2,3,3,2,3,1,1,2,6,2,1,2,5,2,1,3,4,2,1,1,,,6,1,2,2,1,1,3,2,1,4,1,2,2,1,1,2,2,1,5,1,1,,1,1,,1,1,1,1,1,7,4,,,2,,,1,2,2,5,1,5,1,2,2,2,2,2,2,1,1,2,1,3,4,1,4,2,2,1,2,5,1,1,1,2,2,2,,4,4,1,3,3,3,2,2,2,,1,,,,,1,1,1,2,,,,,2,4,,,,4,2,4,20,,,,,,,,,,,6,,,,4,4,8,2,,,,,,
knr,4,3,3,4,2,1,1,2,1,2,,1,2,2,,,,,1,1,,,,,3,2,5,2,2,1,1,3,1,1,1,2,6,5,1,1,1,3,,3,2,,1,6,1,,,2,6,4,6,2,5,,1,3,2,2,1,1,4,2,6,2,2,1,1,1,3,2,1,4,4,2,2,3,3,1,1,1,2,1,1,,1,1,4,1,2,2,2,2,1,,1,,,,,2,6,1,5,1,2,2,2,2,2,2,5,2,4,1,,1,3,4,3,2,1,2,1,3,3,1,2,4,3,1,2,1,,,,3,1,1,1,1,2,,1,,,,,1,1,3,2,2,,,,,4,,,,4,2,4,20,,,,,,,,,,,6,,,,4,4,8,2,,,,,,
rus,4,2,5,4,2,1,1,2,3,2,,1,3,1,1,5,6,5,1,1,1,2,1,3,2,2,2,2,2,3,3,3,3,2,3,2,6,6,4,5,5,3,,3,2,1,,3,2,1,2,2,6,6,1,3,7,5,1,,4,2,1,1,6,2,3,1,1,1,1,2,4,4,1,1,4,2,2,1,1,1,1,3,2,1,2,,1,2,,2,2,1,1,1,1,,1,,,,,1,3,1,1,4,4,3,2,2,2,1,2,2,1,1,3,1,3,4,8,5,2,2,2,1,7,1,1,1,2,2,2,4,1,1,1,2,2,2,1,1,2,,1,7,7,1,1,2,2,1,1,1,,,,2,1,,,,1,4,4,2,3,,2,,,,4,1,7,4,,,,,,,,,,,,,,
mku,1,2,2,1,1,1,1,2,,2,,1,3,1,2,8,1,1,3,1,,,,,,,,,1,2,1,3,,,,9,1,5,,,,5,,5,,,,3,,,,2,9,3,9,,,,,,2,,,,,,,,,,,,,5,5,2,4,2,2,3,3,1,1,4,5,1,1,,1,1,6,1,1,2,2,2,,,,,,,,2,6,1,,1,,2,1,,2,2,5,4,2,2,2,2,,,,,,,2,1,7,,6,,2,1,2,,2,,4,1,,1,,2,1,1,,,,,,,,,,3,,,,,15,,1,,1,1,4,19,1,,,,,,,,,,17,,,1,2,4,8,5,,,,,,
grw,3,1,4,3,1,4,1,4,2,2,,1,2,1,7,8,4,4,1,1,1,2,1,3,3,3,3,2,2,3,2,3,1,1,1,2,6,4,2,5,5,3,,3,3,1,4,6,1,1,1,3,7,6,1,2,7,,,,2,2,1,1,,,7,2,1,2,4,1,4,2,1,4,4,2,1,2,1,2,2,4,5,1,1,,1,1,4,1,1,2,6,2,1,,1,,,,,1,6,2,,1,2,2,4,1,2,2,5,2,2,3,4,1,2,1,3,1,,2,1,2,3,1,2,5,3,1,1,1,4,4,,3,3,3,2,,,,2,,,,,3,2,1,2,,,,,,4,,,,4,2,4,20,,,,,,,,,,,6,,,,4,4,8,2,,,,,,
grb,3,3,2,2,2,1,1,2,1,1,,1,1,3,1,7,6,5,1,3,1,5,1,4,2,2,2,2,2,,1,3,3,3,2,2,6,4,,5,5,3,,1,,,5,2,1,,,2,1,1,9,,6,,,,4,2,1,1,,,,,,1,2,1,3,2,2,4,2,2,,1,,1,1,4,5,1,2,,1,2,1,1,1,2,2,2,1,,1,,,,,,1,1,,3,4,4,1,2,1,4,1,1,1,2,2,1,3,4,3,1,,2,3,2,6,,1,,1,1,1,,,,,3,1,,,,,,,,,,,2,2,3,2,,,,,,1,,,,1,4,4,6,2,2,,,,,,,,,7,,,,4,1,8,11,,,,,,
grk,3,2,3,4,2,1,1,2,3,2,,1,3,1,5,8,6,1,1,5,1,2,3,3,3,3,3,2,2,3,3,3,3,2,3,2,6,5,4,1,2,3,,3,3,1,,3,2,1,2,2,3,6,1,1,7,5,,,4,2,1,1,,,3,1,1,1,1,2,1,2,1,4,1,2,2,1,1,1,1,3,2,1,7,3,3,2,,2,2,1,1,1,1,,1,,,,,1,1,1,1,4,4,3,2,2,2,2,5,2,3,1,3,1,3,4,8,5,2,1,2,1,7,1,1,5,2,2,1,4,1,1,2,3,1,1,1,2,2,,1,,,,,2,2,1,1,1,,,,1,1,,,,1,4,4,16,3,,13,10,,,4,1,7,4,,,,,,,,,14,,1,6,4,
lkt,4,2,4,3,1,1,2,2,3,1,,1,3,1,,,,,1,1,7,5,1,6,1,1,1,2,5,1,1,3,,,,7,,3,4,1,1,3,,3,3,1,1,6,1,1,2,3,1,1,9,2,6,,1,,1,2,1,2,,,8,1,1,2,4,2,4,2,5,1,4,2,2,2,3,2,4,4,5,1,1,,1,1,,1,3,2,6,2,3,,,1,,,,1,2,2,,1,5,2,1,,4,2,5,5,4,2,2,2,3,4,3,4,,4,2,1,7,1,1,5,1,1,1,3,2,2,,1,1,1,1,,,,1,,,,,2,2,1,1,,,,,3,2,,,,4,1,4,8,4,,,,,,,,,,4,,,,4,4,8,1,,,,,,
eve,2,2,3,2,2,1,1,2,1,2,,1,2,1,1,3,2,2,1,1,1,3,1,4,2,3,5,2,2,3,4,3,1,1,1,2,6,7,1,5,5,5,,5,2,1,1,6,1,1,1,3,8,2,1,2,7,4,1,3,2,1,1,1,6,2,2,,1,1,1,1,3,2,1,1,1,1,1,2,3,3,3,4,5,1,1,,1,1,,1,1,1,1,1,2,1,,6,,,,1,2,1,4,1,1,1,2,2,2,1,2,2,1,1,2,1,3,4,8,5,,2,6,2,1,1,1,,2,2,2,1,4,4,4,3,3,3,3,2,2,,1,,,,,,,,,1,,,,,14,2,,,1,2,4,18,3,,,,,,,,,,16,,4,,4,4,5,6,,,,,,
tru,3,2,3,2,1,1,2,4,3,2,,1,2,1,7,8,1,,1,1,7,1,1,5,2,2,2,2,2,1,4,1,,,,7,3,8,,,,2,,1,2,1,5,3,,2,1,2,5,2,1,2,1,,,,3,2,2,3,,,8,,2,,,,,2,5,3,,2,2,2,3,2,4,4,5,1,7,1,1,3,6,1,1,3,1,1,,,,,,,,,,1,4,5,5,5,4,4,3,1,3,2,1,1,,2,,,,,,3,2,3,3,1,,,,,,,,,1,2,2,1,3,,,,,,,,,1,1,1,1,,,,,,2,,,,4,1,4,16,4,,13,16,,,4,8,1,4,15,10,,,4,4,8,1,,,,,,
lez,5,2,5,4,2,4,2,2,3,2,,3,3,1,1,1,3,,1,1,1,1,1,2,2,2,2,2,2,3,3,1,1,1,1,2,6,4,1,4,2,3,,1,3,3,4,6,1,1,1,2,8,6,1,2,4,2,1,2,4,2,1,1,6,4,1,1,1,1,1,1,3,2,4,4,4,1,2,3,3,2,2,3,2,1,1,,1,1,,1,1,1,1,1,2,1,,,,,,1,6,2,4,1,1,1,4,4,1,5,1,1,1,1,,2,3,4,8,5,2,2,1,3,3,1,2,2,2,1,1,1,4,4,1,3,3,2,2,1,2,,2,,,,,1,1,1,1,,,,,,4,,,,4,2,4,20,,,,,,,,,,,6,,,,4,4,8,2,,,,,,
wic,3,1,5,1,1,1,6,1,3,2,,1,,1,1,5,5,3,2,1,1,1,1,7,1,1,1,2,5,3,1,3,1,1,1,9,,3,4,,,5,,4,2,1,1,6,1,1,2,1,9,2,1,,,,,,1,2,1,1,,,8,,,1,4,1,4,4,1,1,,1,2,,,2,2,2,5,4,7,5,3,1,6,5,,2,1,1,1,,1,,,,,,,,1,,2,2,1,7,4,2,5,5,2,,1,2,3,4,3,1,2,2,2,3,3,,1,1,3,2,1,,4,,,,,,,2,2,,,,,,,1,1,1,1,,,,,,1,,,,1,4,4,16,1,,,,,,,,,,15,17,,,1,4,8,11,,,,,,8
apu,1,2,3,1,1,1,1,1,3,1,,1,1,1,1,3,2,1,1,1,1,5,1,4,1,1,1,2,4,3,1,3,2,2,3,2,6,3,4,5,5,3,,3,2,1,5,3,1,,2,1,9,2,6,,1,,1,,1,2,1,1,,,1,,3,2,4,1,4,2,3,,4,2,2,2,,2,2,4,5,1,2,,1,3,6,1,1,2,1,1,1,,1,,,,,,6,1,1,5,5,5,1,1,4,2,5,2,2,4,2,1,3,4,8,5,,2,2,1,7,,6,,,,,,,,4,,1,1,1,,,,,,,,,1,1,1,2,,,,,,1,,,,1,4,4,16,,,13,2,,,1,1,7,4,,,,,,,,,,,,,,
cha,3,2,3,2,2,1,1,2,1,2,,1,2,1,1,4,3,4,1,1,7,5,2,4,2,1,5,2,1,1,1,3,1,1,1,7,2,4,1,1,,5,,1,3,1,1,6,1,,1,3,1,1,,,6,7,1,,2,2,3,1,6,2,5,2,1,1,4,2,4,,,2,4,2,1,3,2,2,4,1,5,1,3,,2,2,,2,2,1,1,1,1,,1,,,,,1,1,3,1,4,4,3,1,4,3,,2,2,1,3,2,1,2,2,1,4,2,2,2,1,7,2,1,,1,1,1,,4,4,1,,1,1,,1,2,,1,,,,,1,1,1,2,1,,,,,1,,,,1,4,4,9,3,,,,,,,,,,,,,,,,,,1,,1,6,4,
usa,1,2,2,2,1,1,1,1,3,2,,1,2,1,1,7,6,,1,1,,,,,1,1,1,2,,,1,2,1,1,1,,1,4,,2,,3,,3,,,1,6,,2,2,3,9,3,,,8,,,,,,,,,,,1,1,,,,,2,,,,2,1,2,3,1,1,1,5,3,1,,1,1,,1,1,2,2,2,,,,,,,,1,6,2,,1,,2,1,1,2,2,5,2,3,3,,2,3,4,1,4,,2,2,3,4,,6,3,2,2,2,,2,2,,,,,,,,,,,,,,2,2,1,1,,,,,,1,,,,1,4,4,7,3,,,,,,,,,,3,,,,4,4,1,11,,,,,,
chk,2,2,2,1,1,2,1,5,1,2,,1,3,1,2,8,1,,1,1,1,2,1,3,3,4,5,2,3,1,3,2,1,1,1,2,6,7,1,5,5,3,,3,3,1,1,6,1,1,,2,8,4,1,2,5,7,1,2,4,2,1,1,6,7,7,1,1,1,4,1,4,4,5,4,1,2,3,3,3,1,1,4,5,1,7,,1,1,,1,1,1,1,1,7,2,2,,,,,,6,2,1,1,5,1,4,4,6,2,5,2,2,1,2,2,2,1,8,5,,2,2,3,4,1,6,4,2,1,1,1,4,,4,,,,,,,,3,,,,,2,2,1,1,,,,,,1,,,,1,4,4,21,,,,,,,,,,,18,,,,,,,,,,,,,
tag,3,2,3,2,2,1,1,2,1,2,,1,2,1,6,8,6,1,1,1,1,3,1,2,3,5,5,2,1,1,1,1,2,2,2,7,4,4,3,,,5,,1,3,1,1,6,3,5,2,1,1,3,,2,6,7,1,3,,2,1,1,4,2,2,1,1,1,4,1,4,1,1,2,4,1,1,3,1,2,4,4,5,1,3,,2,2,,,2,3,6,1,1,,1,6,,,,,3,1,1,,4,5,1,1,1,,1,1,1,4,2,2,3,4,3,3,2,2,2,1,7,1,1,3,1,1,1,,4,5,1,3,2,2,1,2,2,,1,,,,,1,1,1,2,1,,,,3,1,,,,1,4,4,9,3,,,,,,,,,,,,,,,,,,1,,1,6,4,
tab,3,2,3,2,2,1,1,2,1,2,,1,3,1,6,8,1,1,1,1,,,,,,,,,1,,1,3,1,1,1,8,3,4,,5,5,5,,5,,,2,6,2,1,,2,1,1,9,,5,,3,2,,,,,4,,8,,1,,,,,1,5,2,,2,2,2,3,1,1,4,5,1,2,,1,2,1,2,1,2,2,2,1,,1,,,,,3,6,2,1,4,4,4,1,1,4,1,2,2,1,2,,1,3,4,5,4,1,2,2,1,7,3,6,,,,,,,,2,1,1,1,1,,,,1,,,,,,,,,,,,,2,2,,,,4,1,4,4,6,,4,,,,4,8,7,1,,,,,,,,,,,,,,
spa,4,2,3,3,1,1,1,2,3,2,,1,2,1,1,3,7,1,1,5,1,1,2,3,3,2,5,2,2,3,3,2,2,2,3,2,6,5,4,1,2,3,,3,3,1,1,1,2,3,2,2,1,3,9,,7,1,,,4,2,1,1,,2,3,1,1,1,1,1,1,2,1,3,4,2,2,1,1,1,1,3,2,1,2,,3,2,1,2,2,2,1,1,1,,1,,,,,1,6,1,1,4,4,4,2,2,2,2,5,2,3,1,3,1,3,4,8,5,3,4,2,1,7,3,4,5,2,1,1,4,4,1,1,3,2,2,2,2,2,,1,7,7,1,1,2,2,1,1,2,,,,2,1,,,,1,4,4,2,3,,2,,,,4,1,7,4,,,,,,,,,,,,,,
ndy,2,2,3,4,2,1,1,2,3,2,,1,2,2,1,5,4,,1,1,,,,,,,,,1,1,1,1,1,1,1,7,,4,3,1,2,3,,1,2,2,1,6,,,1,2,1,1,9,,6,,1,1,4,,,,2,6,,,,,,,,5,5,1,,2,2,3,3,1,1,4,5,1,2,,1,2,1,2,3,1,2,1,1,,1,,,,,3,6,1,1,4,4,3,1,1,1,1,1,1,1,,,2,3,4,8,5,1,1,4,1,7,,6,,,,,,4,4,,2,1,1,1,,,,1,7,3,1,1,,,,,,,,,,1,,,,1,4,4,2,3,,2,,,,4,1,7,4,,,,,,,,,,,,,,
dag,1,2,2,2,2,1,1,1,3,2,,1,2,,,,,,1,1,1,5,2,5,1,1,1,2,2,1,1,2,1,1,1,,,4,,5,5,3,,2,,,,6,1,,,2,9,3,1,,,,,,2,2,1,2,,,,1,,2,1,1,4,2,1,,1,,1,2,3,1,1,4,5,1,1,,1,1,,1,1,2,2,2,1,,1,,,,,2,,2,,1,2,2,1,1,2,2,5,2,3,,,2,3,4,8,5,,,2,1,7,,,4,2,2,1,,4,,,,,,,,,,3,,,,,1,1,1,1,,,,,,1,,,,1,4,4,7,3,,,,,,,,,,3,,,,4,4,1,11,,,,,,
snm,1,3,1,1,1,1,1,1,3,1,,1,2,1,6,8,1,1,1,1,1,1,1,3,1,2,5,2,1,,1,1,,,,7,,7,,,,5,,1,3,,,6,1,,,2,2,3,6,,,,2,,4,2,1,2,6,,8,,3,2,2,2,4,5,5,2,4,2,2,3,3,3,6,4,5,1,1,,1,1,3,1,1,2,1,,7,,,4,4,,,2,6,2,2,1,5,2,4,4,1,1,1,1,1,1,2,1,2,,8,5,,2,3,3,3,,6,,1,2,2,,2,,,3,3,3,,,,,,,,,,1,2,1,1,,,,,,2,,,,4,1,4,8,4,,,,,,,,,,4,,,,4,4,8,1,,,,,,
cyv,2,3,2,2,4,1,1,1,3,1,,1,1,1,5,8,1,1,1,1,1,5,1,4,4,1,5,2,5,1,1,2,1,1,1,8,,3,,,,5,,5,,,2,6,1,,,1,9,2,7,,1,4,1,,3,2,1,4,,,,,,,,,,4,1,,,,2,2,3,1,1,4,5,1,4,,2,2,,2,2,1,1,1,,,,,,,,1,,,1,4,,3,1,1,6,2,5,3,2,,,1,,,,,,,1,1,7,,,,,,,,,,,,,,,,,,1,,,,,1,1,1,1,,,,,,3,,,,2,4,4,20,,,,,,,,,,,,,,,,,,,9,,2,6,4,
bej,3,2,3,2,3,1,1,2,3,,,1,3,2,1,4,1,,1,1,6,1,1,3,2,2,2,2,3,1,1,2,2,2,3,2,,4,,3,,3,,3,,,,1,,,,2,2,6,1,,,,,,2,2,1,1,,,,1,,1,1,2,3,2,1,2,,,2,3,,2,4,,,,1,,1,1,,1,1,3,5,,1,,1,,,,,,6,2,4,1,2,5,,,2,2,5,2,2,,,1,3,4,,,,2,1,3,5,,2,2,3,2,1,1,,,,,,,,,,,,,,,,1,1,1,1,,,,,1,3,,,,2,4,4,20,,,,,,,,,,,5,,,,4,4,2,11,,,,,,
awp,1,1,3,3,1,1,1,4,3,2,,1,3,1,,,,,1,1,1,1,1,5,3,2,5,2,2,3,1,2,1,1,1,2,,4,,5,5,3,,2,,,6,6,1,1,2,2,8,4,6,,1,,,,4,2,1,1,,2,8,,,1,1,1,4,2,1,4,4,2,1,2,2,1,1,1,5,1,1,,1,1,3,1,1,1,1,1,,,,,,,,1,2,2,5,1,,1,2,2,5,2,4,2,1,1,,2,3,4,8,5,,2,6,3,5,1,1,,2,2,1,,,,4,3,3,3,3,2,2,,6,,,,,1,1,1,1,,,,,,14,10,,,1,3,4,18,3,,,,,,,,,,16,,8,,4,4,5,10,,,,,,
urk,2,2,2,1,1,1,1,1,2,1,,1,2,1,7,8,1,2,1,1,,,,,,,,,5,,1,3,1,1,1,2,,4,1,5,5,3,,3,3,1,1,6,,4,2,3,1,1,,2,,,,,1,,,,,,,2,2,,,,,5,2,1,4,2,,3,,2,4,,,,1,,1,1,6,1,1,2,1,1,,,,,,,,2,2,1,2,1,,2,2,2,2,2,2,3,1,1,,2,,,3,1,,2,2,1,7,1,1,3,1,1,2,3,,,5,,1,1,1,2,1,2,,,,,,,,,,,,,,,2,,,,4,1,4,8,4,,,,,,,,,,4,,,,4,4,8,1,,,,,,
ckr,1,3,1,1,1,1,1,2,1,,,1,3,1,7,8,1,,1,1,1,5,1,3,1,2,5,2,1,1,1,2,1,1,1,9,,2,,5,5,4,,4,2,1,1,6,1,1,2,3,1,1,9,,1,,1,,1,1,1,1,,,1,2,2,2,2,2,4,5,4,1,4,,,3,,1,1,4,5,3,1,,1,1,3,1,1,2,2,,7,,3,3,,,,,1,1,,1,5,2,1,7,3,,3,2,1,1,,2,2,,8,5,,,2,1,7,1,1,1,1,1,2,,2,2,1,,1,1,1,,,,,,,,,1,2,1,1,,,,,,2,,,,4,1,4,8,4,,,,,,,,,,4,,,,4,4,8,1,,,,,,
ngi,,1,4,1,1,1,1,2,1,2,,1,2,1,1,5,2,1,1,5,1,1,1,3,2,2,2,2,2,1,3,1,1,1,1,2,4,4,1,5,5,5,2,1,2,1,2,6,1,1,2,1,5,5,1,2,1,,1,,4,2,1,2,,,8,,,2,1,1,4,2,4,4,1,2,2,3,2,3,2,4,5,1,,,1,1,6,5,1,3,1,,7,,,,5,2,,,3,1,,,5,5,4,2,6,3,5,2,4,3,2,2,3,4,8,5,2,2,2,1,7,1,1,,2,2,1,,4,4,1,,2,3,1,2,1,1,,,,,,1,1,1,1,,,,,,1,,,,1,4,4,21,1,,,,,,,,,,23,,,,,,,,,,,,,
kse,2,2,3,2,3,1,1,2,1,,,1,,,,,,,1,1,,,,,,,,,1,,1,1,1,1,1,8,,4,1,1,4,3,,1,1,1,1,6,1,2,2,2,1,3,9,,5,,,,4,,,,,,7,,2,1,4,2,4,5,1,4,3,2,2,,2,1,1,4,2,1,1,,1,1,5,1,1,2,2,2,1,,1,,,,,,5,1,1,1,2,2,1,1,1,1,1,1,1,4,2,1,1,1,5,1,3,4,2,3,3,1,1,,,,,,4,4,2,,,,,,,,1,,,,,1,1,1,1,3,,,,,1,,,,1,4,4,6,2,,,,,,,,,,2,,,,4,1,8,11,,,,,,
jak,4,2,4,1,1,4,2,2,3,2,,1,2,1,2,8,1,,1,1,1,5,1,3,1,1,1,2,6,1,1,3,,,,7,4,3,,4,2,3,,3,2,,1,6,1,1,,4,1,1,9,2,5,,3,,1,2,1,1,,,,2,2,1,4,2,4,4,1,3,1,2,1,3,2,2,4,4,2,1,3,,2,2,,2,2,1,2,1,1,,1,,,,,1,6,1,1,4,4,3,1,1,3,6,5,4,3,1,4,1,1,1,6,1,3,2,2,3,2,,6,,1,1,1,1,4,4,2,,,,1,1,2,,2,,,,,1,1,1,1,,,,,,1,,,,1,4,4,9,3,,,,,,,,,,,,,,,,,,1,,1,6,4,
aeg,3,2,4,4,3,4,1,2,3,2,,1,3,1,1,4,7,1,1,4,6,5,3,4,4,4,5,2,3,1,1,2,2,2,3,6,6,4,4,3,4,3,,3,2,1,5,1,1,2,,3,1,1,9,2,6,1,1,,2,2,1,1,,,6,1,1,1,1,1,4,4,1,3,4,2,2,1,1,1,1,4,2,1,2,,1,2,1,2,2,2,2,3,1,,1,,,,,2,1,2,1,4,4,4,1,1,2,2,5,4,2,4,2,1,3,4,8,5,2,2,2,1,7,1,1,1,2,2,2,,4,3,2,,,,,,,,1,,,,,1,1,1,1,1,,,,,15,,14,,3,2,4,19,3,,15,,,15,4,7,6,4,,,,,,,,,,,,,,
shk,2,1,3,1,1,1,1,1,3,,,1,2,1,1,1,3,,1,1,1,,,4,2,2,2,2,2,,1,1,1,1,1,2,4,4,,5,5,3,,1,,,,6,,1,2,2,6,3,6,,,1,1,2,4,,,,6,2,,,,,,,,2,1,1,4,2,2,2,3,2,2,4,5,3,1,,1,1,,1,1,3,1,1,,,,,,,,1,3,2,,1,,5,4,4,1,,1,1,1,2,,2,3,4,3,4,2,4,1,1,7,1,1,1,2,2,2,3,,,4,3,3,,,2,2,,,5,3,2,1,,,,,,,,,,4,,,,4,2,4,20,,,,,,,,,,,6,,,,4,4,8,2,,,,,,
luv,2,2,3,3,1,1,1,3,1,,,1,1,2,6,8,1,1,1,1,1,5,1,5,1,2,5,2,6,1,1,2,5,3,3,1,6,4,1,5,5,3,,3,,,5,2,2,,2,2,1,1,,,6,,,,2,2,1,2,,,2,,2,2,2,1,3,1,1,4,1,2,,3,,1,1,4,2,1,2,,1,2,1,2,2,2,2,2,1,,1,,,,,,,2,1,4,4,4,1,1,2,2,5,2,2,,4,2,3,4,3,3,,2,6,3,5,,1,,,,,,4,,1,3,2,2,,,,,1,,,,,1,2,1,2,,,,,,14,11,,,3,1,4,18,6,,14,,14,,4,5,7,2,,,,,,,,,,,,,,
ket,2,3,2,2,5,2,1,3,2,2,,1,3,1,,,,,1,1,1,5,2,2,1,1,1,2,5,,4,2,3,2,2,2,6,6,,5,5,3,,3,3,3,,6,,1,2,4,8,2,1,1,5,4,,,1,2,1,1,,,7,1,1,1,4,2,4,1,1,2,4,2,2,3,3,1,1,4,5,3,1,,1,1,,1,1,1,1,1,,,,,,,,1,,2,,1,,1,1,1,4,,5,2,2,2,,1,3,4,8,5,,2,,1,7,1,1,1,2,1,1,,,,1,,,,,,,,1,,,,,1,2,1,1,3,,,,3,1,,,,1,4,4,7,3,,,,,,,,,,3,,,,4,4,1,11,,,,,,
otm,3,3,3,4,2,1,1,2,3,1,,1,3,2,,,,,1,5,1,5,2,5,1,1,1,2,5,,1,,1,1,1,,,3,4,,,,,,,,,6,1,,1,2,,,,,4,,,,,2,1,1,,,,1,1,,,,,1,1,2,4,2,2,3,3,2,4,,,,4,,2,2,1,2,2,1,1,1,1,,1,,,,,1,1,1,1,4,4,3,1,,2,2,5,4,2,,1,2,3,4,8,5,2,1,2,3,3,,1,3,3,1,1,,,,2,,1,1,1,,,,2,,,,,1,2,1,1,,,,,,1,,,,1,4,4,12,3,,,,,,,,,,,,,,,,,,4,,1,6,4,
hmo,5,2,5,1,1,2,1,2,2,,,1,2,3,,,,,1,1,2,5,1,2,4,2,5,1,1,1,1,1,1,1,1,,1,4,,,2,3,,1,3,1,,6,1,1,1,2,1,1,9,,,,,,,2,1,1,,,8,,1,2,4,2,4,5,5,2,4,2,2,,,1,1,,,,2,,1,2,,2,1,2,2,1,1,,1,,,,,2,4,2,1,4,4,4,1,1,1,1,1,1,1,1,2,1,3,4,8,5,1,1,4,1,7,1,1,,,,,,4,,1,1,,1,1,,,,1,,,,,1,1,1,1,,,,,2,1,,,,1,4,4,2,3,,2,,,,4,1,7,4,,,,,,,,,,,,,,
ung,3,2,3,1,1,1,1,2,1,2,,1,2,1,1,1,2,4,3,1,,,,,1,2,5,2,1,1,1,3,,,,5,,5,,1,4,5,,5,,,,3,,,1,1,7,4,6,,,,1,,3,2,1,3,,,,,,,,,,5,,,,,3,3,3,1,1,,,,5,,1,1,5,1,3,2,2,2,1,,1,,,,,2,,2,1,1,2,2,1,1,6,2,5,2,3,,,2,,,,,2,1,2,3,2,,,,3,2,2,,4,4,,3,1,1,1,,,,,,,,,1,1,1,1,,,,,,1,,,,1,4,4,13,3,,,,,,,,,,,,,,,,,,,,,,,1
coo,5,2,5,2,2,4,2,4,3,2,,1,3,1,1,3,1,5,1,1,1,,,,1,1,1,2,3,1,1,3,1,1,1,6,3,3,,1,4,5,,5,2,,,6,,1,2,1,7,2,6,3,,,1,,4,,,,,,,1,1,,,,,2,1,1,2,2,,3,2,2,4,,,,7,,2,3,6,1,3,1,1,1,1,,1,,,,,1,2,1,1,5,5,5,4,,2,2,5,5,5,3,,1,,,,,,2,2,1,7,1,1,4,1,1,1,,,,,,,,,,,,,,,,,1,1,1,1,,,,,,1,,,,1,4,4,,,,,,,,,,,,,,,,,,,,,,,,,
krk,4,2,3,1,1,1,1,1,3,1,,1,,2,1,5,2,,1,1,1,5,1,5,1,1,1,2,4,1,1,2,1,1,1,2,,4,,1,,3,,3,,,,6,1,1,2,2,3,4,6,2,,,1,,1,1,1,1,,,,,2,2,4,1,3,2,1,4,1,2,,3,,2,4,,,,7,,1,3,6,1,1,2,1,1,,,,,,,,,,,,5,5,5,1,1,5,2,5,2,5,,2,1,3,4,3,1,,2,6,2,3,,,3,1,1,1,,,,,,,,,2,1,1,1,,,,,1,1,2,2,3,,,,,14,2,,,1,2,4,,,,,,,,,,,,,,,,,,,,,,,,,
kro,3,3,2,1,1,1,3,2,1,2,,1,2,2,1,5,5,4,1,1,1,5,1,3,4,2,5,2,5,3,3,3,,,,1,6,4,1,5,5,5,,5,3,1,,3,1,,,2,6,6,2,2,2,,,,4,2,1,2,,,2,,2,1,4,2,3,4,1,4,1,2,2,3,,1,1,4,3,3,3,,2,2,1,,2,2,2,2,1,,1,,,,,3,6,2,1,,4,4,1,1,1,6,1,1,1,1,4,1,1,1,3,2,2,1,6,3,1,,2,5,1,1,1,1,4,3,1,3,1,1,2,1,2,,3,,,,,1,1,1,1,1,,,,,14,1,,,1,1,4,18,,,,,,,,,,,,,,,,,,,22,3,5,6,3,
bur,5,2,5,4,2,4,1,2,2,1,,1,3,1,1,7,6,1,1,1,1,1,1,5,3,3,3,2,3,,3,2,4,2,2,2,6,4,,2,,3,,3,2,3,3,3,1,1,1,3,7,3,1,2,6,2,1,,1,1,1,3,,,1,1,1,1,1,1,3,2,1,1,4,2,,2,,1,1,3,5,2,1,,1,1,,1,1,1,1,1,2,1,,,,,,1,6,2,5,1,1,1,4,4,6,2,5,2,3,1,2,1,3,4,3,4,,2,1,1,7,,2,2,2,2,1,1,4,,,3,3,1,1,2,2,,2,,,,,1,1,1,2,1,,,,,3,,,,2,4,4,20,,,,,,,,,,,5,,,,4,4,2,11,,,,,,
myi,2,2,3,1,1,1,1,2,1,2,,1,3,1,6,8,1,1,3,1,1,1,5,4,3,3,3,2,4,1,2,3,3,2,2,2,,6,2,1,,5,,5,,,2,6,1,1,,1,7,5,5,2,1,,1,,2,2,1,2,,,8,1,2,2,1,2,4,4,1,2,4,2,1,2,3,2,5,4,5,1,5,,1,1,,2,3,2,1,3,1,,1,,,,,,2,2,1,2,2,2,2,2,2,2,5,4,4,2,4,2,1,,8,5,,4,2,3,6,2,1,4,3,2,2,3,,,,3,2,1,1,2,2,,6,,,,,1,1,1,1,,,,,,1,,,,1,4,4,13,3,,,,,,,,,,,,,,,,,,,,,,,1
ind,3,2,3,4,2,1,1,2,1,2,,1,3,1,6,8,1,1,1,1,2,5,1,3,4,4,4,1,2,2,1,1,1,1,1,5,4,4,3,2,4,5,,1,2,1,1,6,4,2,1,2,1,1,9,3,5,1,2,3,4,2,1,1,1,5,3,2,1,2,4,2,2,2,5,2,4,2,1,3,3,1,1,4,5,1,2,,1,2,1,2,2,2,2,1,1,,1,,,,,1,5,3,1,4,4,4,1,1,2,1,3,2,1,4,2,1,3,4,2,4,1,2,4,1,7,1,1,3,1,1,2,,4,4,1,1,1,1,1,2,2,,1,,,,,1,1,1,2,2,,,,,1,,,,1,4,4,2,3,,2,,,,4,1,7,4,,,,,,,,,,,,,,
ing,5,2,5,4,2,4,2,2,3,2,,1,3,1,2,8,1,,1,4,1,1,1,6,3,2,5,2,2,,3,3,5,2,3,2,,4,4,5,5,5,,1,2,,1,6,,,1,2,8,6,1,,6,2,1,3,4,2,1,1,6,4,1,,,,,,,2,4,2,1,1,2,,,3,3,3,2,3,,,1,,,1,1,1,1,1,2,1,,,,,,,6,,4,,,,4,4,1,1,1,1,1,1,,2,3,4,8,5,,2,1,1,7,,2,,,,,,4,4,,3,3,,2,,,,2,,,,,1,1,1,1,1,,,,1,4,,,,4,2,4,,,,,,,,,,,,,,,,,,,,,,,,,
pit,3,1,4,1,1,1,1,2,1,,,1,2,1,2,8,1,1,3,1,,,,,,,,,,,2,1,1,1,1,,,3,,,,3,1,1,,,4,6,1,,1,2,8,5,6,,,,,,,,,,,,,1,1,,,,,,4,1,4,2,1,3,3,2,4,,,,,,1,1,,1,1,2,2,2,7,,3,3,,,,2,,,,1,5,2,4,2,2,,5,4,4,2,,2,,,,,,4,5,3,1,,,4,2,1,2,,4,4,1,3,3,3,1,2,1,1,6,,,,,,1,,1,,,,,,10,,,,4,3,4,21,,,,,,,,,,,15,27,,,,,,,,,,,,
