center language,center language family,center language genus,center language subfamily,family,genus,subfamily,distance from centre,total languages in the area,wals_code,1A,2A,3A,4A,5A,6A,7A,8A,9A,10A,10B,11A,12A,13A,14A,15A,16A,17A,18A,19A,20A,21A,21B,22A,23A,24A,25A,25B,26A,27A,28A,29A,30A,31A,32A,33A,34A,35A,36A,37A,38A,39A,39B,40A,41A,42A,43A,44A,45A,46A,47A,48A,49A,50A,51A,52A,53A,54A,55A,56A,57A,58A,58B,59A,60A,61A,62A,63A,64A,65A,66A,67A,68A,69A,70A,71A,72A,73A,74A,75A,76A,77A,78A,79A,79B,80A,81A,81B,82A,83A,84A,85A,86A,87A,88A,89A,90A,90B,90C,90D,90E,90F,90G,91A,92A,93A,94A,95A,96A,97A,98A,99A,100A,101A,102A,103A,104A,105A,106A,107A,108A,108B,109A,109B,110A,111A,112A,113A,114A,115A,116A,117A,118A,119A,120A,121A,122A,123A,124A,125A,126A,127A,128A,129A,130A,130B,131A,132A,133A,134A,135A,136A,136B,137A,137B,138A,139A,140A,141A,142A,143A,143B,143C,143D,143E,143F,143G,144A,144B,144C,144D,144E,144F,144G,144H,144I,144J,144K,144L,144M,144N,144O,144P,144Q,144R,144S,144T,144U,144V,144W,144X,144Y

yim,"Lower Sepik-Ramu","Lower Sepik",,"Trans-New Guinea","Angan",,434.007518736,170,ham,1,3,1,1,1,2,2,1,1,,,1,3,2,,,,,1,1,,,,,,,,,4,1,1,2,,,,,,4,,,,3,,3,,,,2,,,,1,8,6,,,,,,,1,,,,,,,,2,,,,,4,1,1,1,2,1,2,3,2,4,,,,1,,1,1,,1,,2,2,2,,,,,,,,1,2,2,,1,,2,1,1,2,2,5,2,2,,,2,,,,,,,1,2,1,,1,,,,,,,,,3,3,3,,,,,,,,,,,,,,,,,,,3,,,,2,4,4,20,,,,,,,,,,,5,,,,4,4,2,11,,,,,,
yim,"Lower Sepik-Ramu","Lower Sepik",,"Trans-New Guinea","Mek",,393.432958979,170,una,3,3,2,2,5,1,1,2,2,,,1,2,2,,,,,1,1,,,,,,,,,2,,4,3,1,1,1,,,4,,,,3,,3,,,,6,,,,2,1,3,9,2,4,,,,1,,,,,,,,,,,,,2,1,4,,2,1,2,3,1,1,,,,1,,1,1,,1,1,2,1,2,2,1,,,,,,1,6,2,,1,1,2,4,4,2,2,5,2,3,,,2,3,4,2,4,,2,2,1,7,,2,,,,,,,,,,,,,,,,5,,,,,,,,,,,,,,1,,,,1,4,4,7,3,,,,,,,,,,3,,,,4,4,1,11,,,,,,
yim,"Lower Sepik-Ramu","Lower Sepik",,"Border","Border",,303.098538584,170,imo,1,3,1,1,1,1,1,2,3,2,,1,3,1,,,,,1,1,1,1,1,6,3,3,3,2,,,4,1,1,1,1,9,1,2,,5,5,4,,1,2,1,1,6,1,,1,2,5,2,6,2,1,1,1,2,4,2,1,2,6,4,8,,2,1,1,1,3,2,4,4,4,2,1,2,3,1,1,4,5,2,,,1,1,,1,1,2,6,2,7,3,,2,,,,3,,,,1,5,2,6,6,1,5,1,1,1,1,4,2,3,4,3,4,,,2,3,4,,1,,2,1,2,,4,4,1,,1,1,,,,,6,,,,,1,1,1,1,,,,,,1,,,,1,4,4,21,,,,,,,,,,,18,,,,,,,,,,,,,
yim,"Lower Sepik-Ramu","Lower Sepik",,"Trans-New Guinea","Madang",,272.187807091,170,wsk,,,,,,,,,,,,,,,,,,,,,,,,,3,1,5,2,2,1,,,,,,,,,,1,1,,,,,,,6,,,,4,,,9,2,,,,,1,2,1,2,,,,2,,,,,,2,,,,,,,,,,,,,1,,1,1,,1,1,2,2,2,,,,,,,,2,,2,,1,,2,,,2,,2,2,1,,,2,,,,,,,2,,,,1,4,2,1,2,,,,,,,,,,,,6,,,,,3,2,1,2,,,,,,1,,,,1,4,4,7,3,,,,,,,,,,3,,,,4,4,1,11,,,,,,
yim,"Lower Sepik-Ramu","Lower Sepik",,"Trans-New Guinea","Madang",,234.402411874,170,ame,5,2,3,2,3,1,1,2,3,2,,1,2,1,1,5,3,5,1,3,1,5,1,4,1,2,5,2,2,1,1,2,1,1,1,6,3,5,4,4,1,3,,3,3,1,1,6,1,2,1,2,1,1,9,2,5,1,1,2,2,2,1,4,4,2,2,2,2,2,2,1,2,2,5,4,1,2,3,3,3,1,1,4,5,2,1,,1,1,3,1,1,2,2,2,1,,1,,,,,2,2,2,2,1,2,2,1,1,2,,5,2,3,1,1,2,3,4,1,4,1,2,2,3,3,,1,4,2,1,2,2,2,2,2,2,3,1,1,,,,,,,,,1,1,1,1,,,,,2,15,,18,,1,2,4,19,,,,,,,,,,,17,,,14,4,2,3,4,,,,,,
yim,"Lower Sepik-Ramu","Lower Sepik",,"Sepik","Ram",,209.908420273,170,awt,,,,,,,,,,,,,,,6,8,1,1,,,,,,,2,2,2,2,3,,,,,,,2,,,1,1,2,,,,,,,3,,,,1,,,6,1,1,,1,,4,2,1,1,,,,1,,,,,,2,,,,,,,,,,,,,1,,1,1,6,1,1,2,1,2,2,1,,,,,,2,2,2,2,1,1,2,,,1,5,1,1,1,,,2,,,,,,,1,,,,1,3,2,1,2,,,,,,,,,,,,,,,,,1,1,1,1,,,,,,3,,,,2,4,4,20,,,,,,,,,,,5,,,,4,4,2,11,,,,,,
yim,"Lower Sepik-Ramu","Lower Sepik",,"Trans-New Guinea","Madang",,180.103648064,170,usa,1,2,2,2,1,1,1,1,3,2,,1,2,1,1,7,6,,1,1,,,,,1,1,1,2,,,1,2,1,1,1,,1,4,,2,,3,,3,,,1,6,,2,2,3,9,3,,,8,,,,,,,,,,,1,1,,,,,2,,,,2,1,2,3,1,1,1,5,3,1,,1,1,,1,1,2,2,2,,,,,,,,1,6,2,,1,,2,1,1,2,2,5,2,3,3,,2,3,4,1,4,,2,2,3,4,,6,3,2,2,2,,2,2,,,,,,,,,,,,,,2,2,1,1,,,,,,1,,,,1,4,4,7,3,,,,,,,,,,3,,,,4,4,1,11,,,,,,
yim,"Lower Sepik-Ramu","Lower Sepik",,"Trans-New Guinea","Madang",,103.063944828,170,kob,3,3,2,1,1,1,1,2,2,2,,1,2,1,6,8,1,5,1,1,,,,,4,4,5,2,2,,1,2,1,1,1,2,3,4,,4,1,3,,3,2,1,1,6,1,2,1,2,1,3,9,2,1,,1,,1,2,1,2,,,1,2,2,,,,,2,1,1,1,2,1,3,3,1,1,,,,1,,1,1,,1,1,2,2,2,7,5,,,,,2,2,2,2,,1,5,2,1,2,2,2,2,4,1,2,,2,3,4,8,5,1,3,1,1,7,1,1,3,2,2,2,3,4,4,4,3,1,2,,,,,5,,,,,1,1,1,1,,,,,,4,,,,4,2,4,20,,,,,,,,,,,6,,,,4,4,8,2,,,,,,
yim,"Lower Sepik-Ramu","Lower Sepik",,"Lower Sepik-Ramu","Lower Sepik",,0.0,170,yim,1,1,4,1,1,1,1,2,1,2,,1,2,1,2,8,1,1,3,1,,,,,1,2,5,2,4,1,1,2,5,2,3,2,6,4,,5,5,3,,3,3,1,2,6,1,,1,3,9,4,1,,6,1,1,1,,2,1,1,6,2,2,,3,,,,,2,1,4,1,2,1,2,1,1,1,1,5,1,,,1,1,6,1,1,3,2,,,,,,,,,,,,,1,,5,1,1,6,2,5,2,4,1,,2,3,4,3,4,3,4,1,2,5,,,4,3,1,1,,4,,1,3,2,1,,,,,3,,,,,3,2,1,2,,,,,,3,,,,2,4,4,20,,,,,,,,,,,20,,,,,,,,,,,,,
yim,"Lower Sepik-Ramu","Lower Sepik",,"Sepik","Sepik Hill",,24.0123655952,170,ala,3,3,2,2,2,1,1,1,3,2,,1,3,1,1,6,5,,1,1,1,5,1,6,1,2,5,2,2,1,1,3,2,2,2,8,6,6,3,1,4,3,,3,2,1,5,3,1,,1,2,7,2,6,2,6,,1,,4,2,1,1,,,8,1,2,1,2,1,4,2,1,4,1,2,,,,1,1,1,5,1,1,,1,1,6,1,1,1,1,1,2,1,,,,,,2,6,2,,1,1,1,1,,2,2,5,2,2,3,,2,3,4,1,4,,4,2,3,2,,6,4,3,1,1,,4,4,,3,3,3,,,,,3,,,,,1,1,1,1,,,,,,1,,,,1,4,4,7,3,,,,,,,,,,3,,,,4,4,1,11,,,,,,
yim,"Lower Sepik-Ramu","Lower Sepik",,"Torricelli","Kombio-Arapesh",,140.04381885,170,arp,2,3,2,2,2,1,1,2,3,2,,1,2,1,6,8,1,,1,1,1,5,1,3,1,2,5,2,5,1,1,3,5,2,3,2,,5,2,,1,3,,3,2,1,4,2,1,,,1,1,1,9,2,1,,,,,2,1,1,,,8,,,2,4,1,4,1,1,2,4,2,,,,1,1,4,5,1,2,,1,2,,2,3,1,1,1,,,,,,,,,2,2,5,4,,3,1,1,4,2,5,2,2,,1,2,3,4,3,2,,,2,3,2,,1,,3,1,2,3,4,,,1,,,1,,,,,,,,,1,1,1,1,,,,,,15,,1,,1,1,4,19,3,,15,,,1,4,3,7,3,,,,,,,,,,,,,,
yim,"Lower Sepik-Ramu","Lower Sepik",,"Trans-New Guinea","Engan",,206.254509926,170,kew,3,2,3,1,1,1,1,3,3,,,1,1,2,1,7,6,5,1,1,1,1,3,4,2,2,2,2,2,,1,2,1,1,1,2,,4,,5,5,3,,3,,,1,6,1,,,2,6,2,6,,8,,1,,4,2,1,1,,,,,,2,2,1,3,2,1,1,4,2,,3,,3,2,1,5,1,1,,1,1,,1,1,1,1,2,7,3,,2,,,,,2,2,2,1,5,1,4,4,4,2,2,2,1,,1,2,3,4,1,4,,2,1,1,7,,1,,2,1,2,,,,,3,1,1,1,2,2,,,,,,,1,1,1,1,,,,,,3,,,,2,4,4,20,,,,,,,,,,,5,,,,4,4,2,11,,,,,,
yim,"Lower Sepik-Ramu","Lower Sepik",,"Trans-New Guinea","Madang",,231.317073533,170,tau,,,,,,,,,,,,,,,,,,,,,,,,,3,2,5,2,3,,,,,,,9,4,,,4,1,,,,2,3,1,6,,,,1,,,6,2,1,,,,1,2,1,2,,,,,2,,,,,2,1,2,,,,,,1,1,,,,1,,1,1,,1,1,2,1,2,7,2,2,,,,,,2,2,5,1,5,2,,,2,2,5,2,3,3,,2,3,4,,,,,2,1,7,,1,,,,,,,,1,,,,,,,,,,,,,1,1,1,1,,,,,,1,,,,1,4,4,7,3,,,,,,,,,,3,,,,4,4,1,11,,,,,,
yim,"Lower Sepik-Ramu","Lower Sepik",,"Trans-New Guinea","Eastern Highlands",,270.7455927,170,hua,,,,,,,,,,,,,,,,,,,,,,,,,3,3,3,2,3,,,,,,,,,,,,,,,,3,,,6,,,,2,7,4,1,2,,,1,,3,2,1,3,,,8,,,,,,,2,,,,,,,,,,,,,1,,1,1,,1,1,1,1,1,2,1,,,,,,,6,2,,1,1,1,,,2,2,5,2,3,,,2,,,,,,,1,,,,2,,,,,,,,,,,,,,,,,,,,,1,1,1,1,,,,,,3,,,,2,4,4,20,,,,,,,,,,,5,,,,4,4,2,11,,,,,,
yim,"Lower Sepik-Ramu","Lower Sepik",,"Trans-New Guinea","Eastern Highlands",,277.541282082,170,ygr,1,2,3,2,2,1,3,3,,,,1,3,2,,,,,1,1,,,,,,,,,4,,,,,,,8,,,,4,2,,,,3,2,,,,,,,,,6,,,,,,3,,,,,,,,,1,4,1,3,4,,,,,,,,,,,,,1,,1,1,3,1,1,1,,2,2,1,,,,,4,,2,2,5,1,1,1,,,,2,,,,,,,,,,,,,1,,,,1,,2,2,2,,4,,,,,,,1,1,3,,,,,,,,,,,,,,,3,,,,2,4,4,20,,,,,,,,,,,5,,,,4,4,2,11,,,,,,
yim,"Lower Sepik-Ramu","Lower Sepik",,"Skou","Western Skou",,333.117432678,170,dum,1,3,1,2,1,1,1,2,,,,1,,3,,,,,1,1,,,,,4,1,5,2,,,,,,,,,,,,,,,,,,,,1,,,,2,,,9,,,,1,,,2,1,2,,,,,,,,,,,,,,,,,,,,,,,1,,1,1,5,,1,2,2,2,,,,,,,,,2,2,,,,2,,,2,1,2,2,1,,,2,,,,,,,2,1,7,,1,,,,,,,,,,,,,,,,,,,,,1,1,2,2,,,,,,2,,,,4,1,4,8,4,,,,,,,,,,4,,,,4,4,8,1,,,,,,
yim,"Lower Sepik-Ramu","Lower Sepik",,"Sentani","Sentani",,402.538241932,170,snt,1,3,1,2,1,1,1,1,3,,,1,,,1,3,3,1,1,1,,,,,,,,,2,,1,2,1,1,1,9,,4,,,,3,,3,,,2,6,1,,,2,1,1,9,,,,1,,4,2,1,3,,,,,2,,,,,2,1,2,1,2,,3,,1,1,4,5,1,1,,1,1,,1,1,2,1,2,,,,,,,,2,,2,,1,,2,,,2,,5,2,2,,,2,,,,,,,1,2,1,,,,2,1,2,,,,,,,,,,,,,,,,,1,1,1,1,,,,,,3,,,,2,4,4,20,,,,,,,,,,,5,,,,4,4,2,11,,,,,,

kew,"Trans-New Guinea","Engan",,"Trans-New Guinea","Mek",,470.646616278,174,una,3,3,2,2,5,1,1,2,2,,,1,2,2,,,,,1,1,,,,,,,,,2,,4,3,1,1,1,,,4,,,,3,,3,,,,6,,,,2,1,3,9,2,4,,,,1,,,,,,,,,,,,,2,1,4,,2,1,2,3,1,1,,,,1,,1,1,,1,1,2,1,2,2,1,,,,,,1,6,2,,1,1,2,4,4,2,2,5,2,3,,,2,3,4,2,4,,2,2,1,7,,2,,,,,,,,,,,,,,,,5,,,,,,,,,,,,,,1,,,,1,4,4,7,3,,,,,,,,,,3,,,,4,4,1,11,,,,,,
kew,"Trans-New Guinea","Engan",,"Trans-New Guinea","Binanderean",,432.989057711,174,sue,5,2,2,2,2,1,1,1,3,2,,1,1,2,,,,,1,1,,,,,4,2,5,2,2,,2,2,1,1,1,,2,7,,,,5,,5,,,,6,2,,1,2,4,3,1,,,,1,,4,2,1,1,,,,,1,2,2,1,4,2,1,,4,2,2,,,2,4,1,5,1,1,,1,1,,1,1,2,2,2,,,,,,,,,6,2,1,1,,2,4,1,2,5,2,2,1,1,,2,3,4,8,5,,,,3,1,,2,,,,,,,,1,,,,,,,,,,,,,,,,,,,,,,1,,,,1,4,4,21,,,,,,,,,,,14,,,,,,,11,,,,,,
kew,"Trans-New Guinea","Engan",,"Sepik","Ram",,382.635923114,174,awt,,,,,,,,,,,,,,,6,8,1,1,,,,,,,2,2,2,2,3,,,,,,,2,,,1,1,2,,,,,,,3,,,,1,,,6,1,1,,1,,4,2,1,1,,,,1,,,,,,2,,,,,,,,,,,,,1,,1,1,6,1,1,2,1,2,2,1,,,,,,2,2,2,2,1,1,2,,,1,5,1,1,1,,,2,,,,,,,1,,,,1,3,2,1,2,,,,,,,,,,,,,,,,,1,1,1,1,,,,,,3,,,,2,4,4,20,,,,,,,,,,,5,,,,4,4,2,11,,,,,,
kew,"Trans-New Guinea","Engan",,"Trans-New Guinea","Madang",,327.04975781,174,wsk,,,,,,,,,,,,,,,,,,,,,,,,,3,1,5,2,2,1,,,,,,,,,,1,1,,,,,,,6,,,,4,,,9,2,,,,,1,2,1,2,,,,2,,,,,,2,,,,,,,,,,,,,1,,1,1,,1,1,2,2,2,,,,,,,,2,,2,,1,,2,,,2,,2,2,1,,,2,,,,,,,2,,,,1,4,2,1,2,,,,,,,,,,,,6,,,,,3,2,1,2,,,,,,1,,,,1,4,4,7,3,,,,,,,,,,3,,,,4,4,1,11,,,,,,
kew,"Trans-New Guinea","Engan",,"Trans-New Guinea","Madang",,238.299493839,174,ame,5,2,3,2,3,1,1,2,3,2,,1,2,1,1,5,3,5,1,3,1,5,1,4,1,2,5,2,2,1,1,2,1,1,1,6,3,5,4,4,1,3,,3,3,1,1,6,1,2,1,2,1,1,9,2,5,1,1,2,2,2,1,4,4,2,2,2,2,2,2,1,2,2,5,4,1,2,3,3,3,1,1,4,5,2,1,,1,1,3,1,1,2,2,2,1,,1,,,,,2,2,2,2,1,2,2,1,1,2,,5,2,3,1,1,2,3,4,1,4,1,2,2,3,3,,1,4,2,1,2,2,2,2,2,2,3,1,1,,,,,,,,,1,1,1,1,,,,,2,15,,18,,1,2,4,19,,,,,,,,,,,17,,,14,4,2,3,4,,,,,,
kew,"Trans-New Guinea","Engan",,"Sepik","Sepik Hill",,211.232985885,174,ala,3,3,2,2,2,1,1,1,3,2,,1,3,1,1,6,5,,1,1,1,5,1,6,1,2,5,2,2,1,1,3,2,2,2,8,6,6,3,1,4,3,,3,2,1,5,3,1,,1,2,7,2,6,2,6,,1,,4,2,1,1,,,8,1,2,1,2,1,4,2,1,4,1,2,,,,1,1,1,5,1,1,,1,1,6,1,1,1,1,1,2,1,,,,,,2,6,2,,1,1,1,1,,2,2,5,2,2,3,,2,3,4,1,4,,4,2,3,2,,6,4,3,1,1,,4,4,,3,3,3,,,,,3,,,,,1,1,1,1,,,,,,1,,,,1,4,4,7,3,,,,,,,,,,3,,,,4,4,1,11,,,,,,
kew,"Trans-New Guinea","Engan",,"Trans-New Guinea","Madang",,185.627289503,174,tau,,,,,,,,,,,,,,,,,,,,,,,,,3,2,5,2,3,,,,,,,9,4,,,4,1,,,,2,3,1,6,,,,1,,,6,2,1,,,,1,2,1,2,,,,,2,,,,,2,1,2,,,,,,1,1,,,,1,,1,1,,1,1,2,1,2,7,2,2,,,,,,2,2,5,1,5,2,,,2,2,5,2,3,3,,2,3,4,,,,,2,1,7,,1,,,,,,,,1,,,,,,,,,,,,,1,1,1,1,,,,,,1,,,,1,4,4,7,3,,,,,,,,,,3,,,,4,4,1,11,,,,,,
kew,"Trans-New Guinea","Engan",,"Trans-New Guinea","Eastern Highlands",,166.780247085,174,hua,,,,,,,,,,,,,,,,,,,,,,,,,3,3,3,2,3,,,,,,,,,,,,,,,,3,,,6,,,,2,7,4,1,2,,,1,,3,2,1,3,,,8,,,,,,,2,,,,,,,,,,,,,1,,1,1,,1,1,1,1,1,2,1,,,,,,,6,2,,1,1,1,,,2,2,5,2,3,,,2,,,,,,,1,,,,2,,,,,,,,,,,,,,,,,,,,,1,1,1,1,,,,,,3,,,,2,4,4,20,,,,,,,,,,,5,,,,4,4,2,11,,,,,,
kew,"Trans-New Guinea","Engan",,"Trans-New Guinea","Engan",,0.0,174,kew,3,2,3,1,1,1,1,3,3,,,1,1,2,1,7,6,5,1,1,1,1,3,4,2,2,2,2,2,,1,2,1,1,1,2,,4,,5,5,3,,3,,,1,6,1,,,2,6,2,6,,8,,1,,4,2,1,1,,,,,,2,2,1,3,2,1,1,4,2,,3,,3,2,1,5,1,1,,1,1,,1,1,1,1,2,7,3,,2,,,,,2,2,2,1,5,1,4,4,4,2,2,2,1,,1,2,3,4,1,4,,2,1,1,7,,1,,2,1,2,,,,,3,1,1,1,2,2,,,,,,,1,1,1,1,,,,,,3,,,,2,4,4,20,,,,,,,,,,,5,,,,4,4,2,11,,,,,,
kew,"Trans-New Guinea","Engan",,"Trans-New Guinea","Madang",,158.240336423,174,kob,3,3,2,1,1,1,1,2,2,2,,1,2,1,6,8,1,5,1,1,,,,,4,4,5,2,2,,1,2,1,1,1,2,3,4,,4,1,3,,3,2,1,1,6,1,2,1,2,1,3,9,2,1,,1,,1,2,1,2,,,1,2,2,,,,,2,1,1,1,2,1,3,3,1,1,,,,1,,1,1,,1,1,2,2,2,7,5,,,,,2,2,2,2,,1,5,2,1,2,2,2,2,4,1,2,,2,3,4,8,5,1,3,1,1,7,1,1,3,2,2,2,3,4,4,4,3,1,2,,,,,5,,,,,1,1,1,1,,,,,,4,,,,4,2,4,20,,,,,,,,,,,6,,,,4,4,8,2,,,,,,
kew,"Trans-New Guinea","Engan",,"Trans-New Guinea","Eastern Highlands",,175.93437838,174,ygr,1,2,3,2,2,1,3,3,,,,1,3,2,,,,,1,1,,,,,,,,,4,,,,,,,8,,,,4,2,,,,3,2,,,,,,,,,6,,,,,,3,,,,,,,,,1,4,1,3,4,,,,,,,,,,,,,1,,1,1,3,1,1,1,,2,2,1,,,,,4,,2,2,5,1,1,1,,,,2,,,,,,,,,,,,,1,,,,1,,2,2,2,,4,,,,,,,1,1,3,,,,,,,,,,,,,,,3,,,,2,4,4,20,,,,,,,,,,,5,,,,4,4,2,11,,,,,,
kew,"Trans-New Guinea","Engan",,"Lower Sepik-Ramu","Lower Sepik",,206.254509926,174,yim,1,1,4,1,1,1,1,2,1,2,,1,2,1,2,8,1,1,3,1,,,,,1,2,5,2,4,1,1,2,5,2,3,2,6,4,,5,5,3,,3,3,1,2,6,1,,1,3,9,4,1,,6,1,1,1,,2,1,1,6,2,2,,3,,,,,2,1,4,1,2,1,2,1,1,1,1,5,1,,,1,1,6,1,1,3,2,,,,,,,,,,,,,1,,5,1,1,6,2,5,2,4,1,,2,3,4,3,4,3,4,1,2,5,,,4,3,1,1,,4,,1,3,2,1,,,,,3,,,,,3,2,1,2,,,,,,3,,,,2,4,4,20,,,,,,,,,,,20,,,,,,,,,,,,,
kew,"Trans-New Guinea","Engan",,"Trans-New Guinea","Madang",,236.876359838,174,usa,1,2,2,2,1,1,1,1,3,2,,1,2,1,1,7,6,,1,1,,,,,1,1,1,2,,,1,2,1,1,1,,1,4,,2,,3,,3,,,1,6,,2,2,3,9,3,,,8,,,,,,,,,,,1,1,,,,,2,,,,2,1,2,3,1,1,1,5,3,1,,1,1,,1,1,2,2,2,,,,,,,,1,6,2,,1,,2,1,1,2,2,5,2,3,3,,2,3,4,1,4,,2,2,3,4,,6,3,2,2,2,,2,2,,,,,,,,,,,,,,2,2,1,1,,,,,,1,,,,1,4,4,7,3,,,,,,,,,,3,,,,4,4,1,11,,,,,,
kew,"Trans-New Guinea","Engan",,"Trans-New Guinea","Angan",,288.965040327,174,ham,1,3,1,1,1,2,2,1,1,,,1,3,2,,,,,1,1,,,,,,,,,4,1,1,2,,,,,,4,,,,3,,3,,,,2,,,,1,8,6,,,,,,,1,,,,,,,,2,,,,,4,1,1,1,2,1,2,3,2,4,,,,1,,1,1,,1,,2,2,2,,,,,,,,1,2,2,,1,,2,1,1,2,2,5,2,2,,,2,,,,,,,1,2,1,,1,,,,,,,,,3,3,3,,,,,,,,,,,,,,,,,,,3,,,,2,4,4,20,,,,,,,,,,,5,,,,4,4,2,11,,,,,,
kew,"Trans-New Guinea","Engan",,"Torricelli","Kombio-Arapesh",,345.27943265,174,arp,2,3,2,2,2,1,1,2,3,2,,1,2,1,6,8,1,,1,1,1,5,1,3,1,2,5,2,5,1,1,3,5,2,3,2,,5,2,,1,3,,3,2,1,4,2,1,,,1,1,1,9,2,1,,,,,2,1,1,,,8,,,2,4,1,4,1,1,2,4,2,,,,1,1,4,5,1,2,,1,2,,2,3,1,1,1,,,,,,,,,2,2,5,4,,3,1,1,4,2,5,2,2,,1,2,3,4,3,2,,,2,3,2,,1,,3,1,2,3,4,,,1,,,1,,,,,,,,,1,1,1,1,,,,,,15,,1,,1,1,4,19,3,,15,,,1,4,3,7,3,,,,,,,,,,,,,,
kew,"Trans-New Guinea","Engan",,"Marind","Marind Proper",,430.832287618,174,mrd,2,2,3,4,2,1,1,3,,,,1,2,1,7,8,1,2,1,1,,,,,,,,,,,1,2,4,2,2,,,8,3,,,2,,3,,,,3,,,,2,1,1,,2,1,,,,1,,,,,,,1,,,,,,1,1,2,4,1,1,3,3,2,4,,,,1,,1,1,,1,1,,,3,,,,,,,,,2,,,1,,,1,1,2,,5,2,2,,,2,,,,,,,2,,,,3,,2,2,1,,,,,,,,,,,,,,,,,,,,,,,,,,1,,,,1,4,4,21,,,,,,,,,,,14,,,,,,,11,,,,,,
kew,"Trans-New Guinea","Engan",,"Border","Border",,459.610572152,174,imo,1,3,1,1,1,1,1,2,3,2,,1,3,1,,,,,1,1,1,1,1,6,3,3,3,2,,,4,1,1,1,1,9,1,2,,5,5,4,,1,2,1,1,6,1,,1,2,5,2,6,2,1,1,1,2,4,2,1,2,6,4,8,,2,1,1,1,3,2,4,4,4,2,1,2,3,1,1,4,5,2,,,1,1,,1,1,2,6,2,7,3,,2,,,,3,,,,1,5,2,6,6,1,5,1,1,1,1,4,2,3,4,3,4,,,2,3,4,,1,,2,1,2,,4,4,1,,1,1,,,,,6,,,,,1,1,1,1,,,,,,1,,,,1,4,4,21,,,,,,,,,,,18,,,,,,,,,,,,,

ala,"Sepik","Sepik Hill",,"Trans-New Guinea","Dani",,500.208298232,171,dni,1,3,1,1,1,1,1,2,2,,,1,2,1,7,8,1,1,1,1,1,5,1,4,1,3,5,2,2,,1,2,1,1,1,,,5,1,5,5,3,,3,,,3,6,1,,,3,6,2,1,2,,,,,1,1,1,2,,,,,,1,2,1,4,2,1,4,1,2,1,2,2,2,4,4,5,1,1,,1,1,,1,1,,2,,1,,1,,,,,,6,,5,1,2,,4,4,2,2,5,2,3,,1,2,3,4,3,2,,,2,3,1,,2,,,,,,4,,,3,3,2,,,,,,,,,,1,1,1,1,,,,,,2,,,,4,1,4,8,4,,,,,,,,,,4,,,,4,4,8,1,,,,,,
ala,"Sepik","Sepik Hill",,"Trans-New Guinea","Angan",,450.818167345,171,ham,1,3,1,1,1,2,2,1,1,,,1,3,2,,,,,1,1,,,,,,,,,4,1,1,2,,,,,,4,,,,3,,3,,,,2,,,,1,8,6,,,,,,,1,,,,,,,,2,,,,,4,1,1,1,2,1,2,3,2,4,,,,1,,1,1,,1,,2,2,2,,,,,,,,1,2,2,,1,,2,1,1,2,2,5,2,2,,,2,,,,,,,1,2,1,,1,,,,,,,,,3,3,3,,,,,,,,,,,,,,,,,,,3,,,,2,4,4,20,,,,,,,,,,,5,,,,4,4,2,11,,,,,,
ala,"Sepik","Sepik Hill",,"Trans-New Guinea","Mek",,369.420665043,171,una,3,3,2,2,5,1,1,2,2,,,1,2,2,,,,,1,1,,,,,,,,,2,,4,3,1,1,1,,,4,,,,3,,3,,,,6,,,,2,1,3,9,2,4,,,,1,,,,,,,,,,,,,2,1,4,,2,1,2,3,1,1,,,,1,,1,1,,1,1,2,1,2,2,1,,,,,,1,6,2,,1,1,2,4,4,2,2,5,2,3,,,2,3,4,2,4,,2,2,1,7,,2,,,,,,,,,,,,,,,,5,,,,,,,,,,,,,,1,,,,1,4,4,7,3,,,,,,,,,,3,,,,4,4,1,11,,,,,,
ala,"Sepik","Sepik Hill",,"Trans-New Guinea","Madang",,296.151735283,171,wsk,,,,,,,,,,,,,,,,,,,,,,,,,3,1,5,2,2,1,,,,,,,,,,1,1,,,,,,,6,,,,4,,,9,2,,,,,1,2,1,2,,,,2,,,,,,2,,,,,,,,,,,,,1,,1,1,,1,1,2,2,2,,,,,,,,2,,2,,1,,2,,,2,,2,2,1,,,2,,,,,,,2,,,,1,4,2,1,2,,,,,,,,,,,,6,,,,,3,2,1,2,,,,,,1,,,,1,4,4,7,3,,,,,,,,,,3,,,,4,4,1,11,,,,,,
ala,"Sepik","Sepik Hill",,"Trans-New Guinea","Eastern Highlands",,288.694692329,171,hua,,,,,,,,,,,,,,,,,,,,,,,,,3,3,3,2,3,,,,,,,,,,,,,,,,3,,,6,,,,2,7,4,1,2,,,1,,3,2,1,3,,,8,,,,,,,2,,,,,,,,,,,,,1,,1,1,,1,1,1,1,1,2,1,,,,,,,6,2,,1,1,1,,,2,2,5,2,3,,,2,,,,,,,1,,,,2,,,,,,,,,,,,,,,,,,,,,1,1,1,1,,,,,,3,,,,2,4,4,20,,,,,,,,,,,5,,,,4,4,2,11,,,,,,
ala,"Sepik","Sepik Hill",,"Trans-New Guinea","Madang",,257.55274745,171,ame,5,2,3,2,3,1,1,2,3,2,,1,2,1,1,5,3,5,1,3,1,5,1,4,1,2,5,2,2,1,1,2,1,1,1,6,3,5,4,4,1,3,,3,3,1,1,6,1,2,1,2,1,1,9,2,5,1,1,2,2,2,1,4,4,2,2,2,2,2,2,1,2,2,5,4,1,2,3,3,3,1,1,4,5,2,1,,1,1,3,1,1,2,2,2,1,,1,,,,,2,2,2,2,1,2,2,1,1,2,,5,2,3,1,1,2,3,4,1,4,1,2,2,3,3,,1,4,2,1,2,2,2,2,2,2,3,1,1,,,,,,,,,1,1,1,1,,,,,2,15,,18,,1,2,4,19,,,,,,,,,,,17,,,14,4,2,3,4,,,,,,
ala,"Sepik","Sepik Hill",,"Trans-New Guinea","Engan",,211.232985885,171,kew,3,2,3,1,1,1,1,3,3,,,1,1,2,1,7,6,5,1,1,1,1,3,4,2,2,2,2,2,,1,2,1,1,1,2,,4,,5,5,3,,3,,,1,6,1,,,2,6,2,6,,8,,1,,4,2,1,1,,,,,,2,2,1,3,2,1,1,4,2,,3,,3,2,1,5,1,1,,1,1,,1,1,1,1,2,7,3,,2,,,,,2,2,2,1,5,1,4,4,4,2,2,2,1,,1,2,3,4,1,4,,2,1,1,7,,1,,2,1,2,,,,,3,1,1,1,2,2,,,,,,,1,1,1,1,,,,,,3,,,,2,4,4,20,,,,,,,,,,,5,,,,4,4,2,11,,,,,,
ala,"Sepik","Sepik Hill",,"Sepik","Ram",,190.728836363,171,awt,,,,,,,,,,,,,,,6,8,1,1,,,,,,,2,2,2,2,3,,,,,,,2,,,1,1,2,,,,,,,3,,,,1,,,6,1,1,,1,,4,2,1,1,,,,1,,,,,,2,,,,,,,,,,,,,1,,1,1,6,1,1,2,1,2,2,1,,,,,,2,2,2,2,1,1,2,,,1,5,1,1,1,,,2,,,,,,,1,,,,1,3,2,1,2,,,,,,,,,,,,,,,,,1,1,1,1,,,,,,3,,,,2,4,4,20,,,,,,,,,,,5,,,,4,4,2,11,,,,,,
ala,"Sepik","Sepik Hill",,"Trans-New Guinea","Madang",,123.953555307,171,kob,3,3,2,1,1,1,1,2,2,2,,1,2,1,6,8,1,5,1,1,,,,,4,4,5,2,2,,1,2,1,1,1,2,3,4,,4,1,3,,3,2,1,1,6,1,2,1,2,1,3,9,2,1,,1,,1,2,1,2,,,1,2,2,,,,,2,1,1,1,2,1,3,3,1,1,,,,1,,1,1,,1,1,2,2,2,7,5,,,,,2,2,2,2,,1,5,2,1,2,2,2,2,4,1,2,,2,3,4,8,5,1,3,1,1,7,1,1,3,2,2,2,3,4,4,4,3,1,2,,,,,5,,,,,1,1,1,1,,,,,,4,,,,4,2,4,20,,,,,,,,,,,6,,,,4,4,8,2,,,,,,
ala,"Sepik","Sepik Hill",,"Sepik","Sepik Hill",,0.0,171,ala,3,3,2,2,2,1,1,1,3,2,,1,3,1,1,6,5,,1,1,1,5,1,6,1,2,5,2,2,1,1,3,2,2,2,8,6,6,3,1,4,3,,3,2,1,5,3,1,,1,2,7,2,6,2,6,,1,,4,2,1,1,,,8,1,2,1,2,1,4,2,1,4,1,2,,,,1,1,1,5,1,1,,1,1,6,1,1,1,1,1,2,1,,,,,,2,6,2,,1,1,1,1,,2,2,5,2,2,3,,2,3,4,1,4,,4,2,3,2,,6,4,3,1,1,,4,4,,3,3,3,,,,,3,,,,,1,1,1,1,,,,,,1,,,,1,4,4,7,3,,,,,,,,,,3,,,,4,4,1,11,,,,,,
ala,"Sepik","Sepik Hill",,"Lower Sepik-Ramu","Lower Sepik",,24.0123655952,171,yim,1,1,4,1,1,1,1,2,1,2,,1,2,1,2,8,1,1,3,1,,,,,1,2,5,2,4,1,1,2,5,2,3,2,6,4,,5,5,3,,3,3,1,2,6,1,,1,3,9,4,1,,6,1,1,1,,2,1,1,6,2,2,,3,,,,,2,1,4,1,2,1,2,1,1,1,1,5,1,,,1,1,6,1,1,3,2,,,,,,,,,,,,,1,,5,1,1,6,2,5,2,4,1,,2,3,4,3,4,3,4,1,2,5,,,4,3,1,1,,4,,1,3,2,1,,,,,3,,,,,3,2,1,2,,,,,,3,,,,2,4,4,20,,,,,,,,,,,20,,,,,,,,,,,,,
ala,"Sepik","Sepik Hill",,"Torricelli","Kombio-Arapesh",,134.708284727,171,arp,2,3,2,2,2,1,1,2,3,2,,1,2,1,6,8,1,,1,1,1,5,1,3,1,2,5,2,5,1,1,3,5,2,3,2,,5,2,,1,3,,3,2,1,4,2,1,,,1,1,1,9,2,1,,,,,2,1,1,,,8,,,2,4,1,4,1,1,2,4,2,,,,1,1,4,5,1,2,,1,2,,2,3,1,1,1,,,,,,,,,2,2,5,4,,3,1,1,4,2,5,2,2,,1,2,3,4,3,2,,,2,3,2,,1,,3,1,2,3,4,,,1,,,1,,,,,,,,,1,1,1,1,,,,,,15,,1,,1,1,4,19,3,,15,,,1,4,3,7,3,,,,,,,,,,,,,,
ala,"Sepik","Sepik Hill",,"Trans-New Guinea","Madang",,204.000623682,171,usa,1,2,2,2,1,1,1,1,3,2,,1,2,1,1,7,6,,1,1,,,,,1,1,1,2,,,1,2,1,1,1,,1,4,,2,,3,,3,,,1,6,,2,2,3,9,3,,,8,,,,,,,,,,,1,1,,,,,2,,,,2,1,2,3,1,1,1,5,3,1,,1,1,,1,1,2,2,2,,,,,,,,1,6,2,,1,,2,1,1,2,2,5,2,3,3,,2,3,4,1,4,,2,2,3,4,,6,3,2,2,2,,2,2,,,,,,,,,,,,,,2,2,1,1,,,,,,1,,,,1,4,4,7,3,,,,,,,,,,3,,,,4,4,1,11,,,,,,
ala,"Sepik","Sepik Hill",,"Trans-New Guinea","Madang",,252.109196962,171,tau,,,,,,,,,,,,,,,,,,,,,,,,,3,2,5,2,3,,,,,,,9,4,,,4,1,,,,2,3,1,6,,,,1,,,6,2,1,,,,1,2,1,2,,,,,2,,,,,2,1,2,,,,,,1,1,,,,1,,1,1,,1,1,2,1,2,7,2,2,,,,,,2,2,5,1,5,2,,,2,2,5,2,3,3,,2,3,4,,,,,2,1,7,,1,,,,,,,,1,,,,,,,,,,,,,1,1,1,1,,,,,,1,,,,1,4,4,7,3,,,,,,,,,,3,,,,4,4,1,11,,,,,,
ala,"Sepik","Sepik Hill",,"Border","Border",,282.381756581,171,imo,1,3,1,1,1,1,1,2,3,2,,1,3,1,,,,,1,1,1,1,1,6,3,3,3,2,,,4,1,1,1,1,9,1,2,,5,5,4,,1,2,1,1,6,1,,1,2,5,2,6,2,1,1,1,2,4,2,1,2,6,4,8,,2,1,1,1,3,2,4,4,4,2,1,2,3,1,1,4,5,2,,,1,1,,1,1,2,6,2,7,3,,2,,,,3,,,,1,5,2,6,6,1,5,1,1,1,1,4,2,3,4,3,4,,,2,3,4,,1,,2,1,2,,4,4,1,,1,1,,,,,6,,,,,1,1,1,1,,,,,,1,,,,1,4,4,21,,,,,,,,,,,18,,,,,,,,,,,,,
ala,"Sepik","Sepik Hill",,"Trans-New Guinea","Eastern Highlands",,295.825904371,171,ygr,1,2,3,2,2,1,3,3,,,,1,3,2,,,,,1,1,,,,,,,,,4,,,,,,,8,,,,4,2,,,,3,2,,,,,,,,,6,,,,,,3,,,,,,,,,1,4,1,3,4,,,,,,,,,,,,,1,,1,1,3,1,1,1,,2,2,1,,,,,4,,2,2,5,1,1,1,,,,2,,,,,,,,,,,,,1,,,,1,,2,2,2,,4,,,,,,,1,1,3,,,,,,,,,,,,,,,3,,,,2,4,4,20,,,,,,,,,,,5,,,,4,4,2,11,,,,,,
ala,"Sepik","Sepik Hill",,"Skou","Western Skou",,315.500816278,171,dum,1,3,1,2,1,1,1,2,,,,1,,3,,,,,1,1,,,,,4,1,5,2,,,,,,,,,,,,,,,,,,,,1,,,,2,,,9,,,,1,,,2,1,2,,,,,,,,,,,,,,,,,,,,,,,1,,1,1,5,,1,2,2,2,,,,,,,,,2,2,,,,2,,,2,1,2,2,1,,,2,,,,,,,2,1,7,,1,,,,,,,,,,,,,,,,,,,,,1,1,2,2,,,,,,2,,,,4,1,4,8,4,,,,,,,,,,4,,,,4,4,8,1,,,,,,
ala,"Sepik","Sepik Hill",,"Sentani","Sentani",,383.125839702,171,snt,1,3,1,2,1,1,1,1,3,,,1,,,1,3,3,1,1,1,,,,,,,,,2,,1,2,1,1,1,9,,4,,,,3,,3,,,2,6,1,,,2,1,1,9,,,,1,,4,2,1,3,,,,,2,,,,,2,1,2,1,2,,3,,1,1,4,5,1,1,,1,1,,1,1,2,1,2,,,,,,,,2,,2,,1,,2,,,2,,5,2,2,,,2,,,,,,,1,2,1,,,,2,1,2,,,,,,,,,,,,,,,,,1,1,1,1,,,,,,3,,,,2,4,4,20,,,,,,,,,,,5,,,,4,4,2,11,,,,,,
ala,"Sepik","Sepik Hill",,"Marind","Marind Proper",,496.458426604,171,mrd,2,2,3,4,2,1,1,3,,,,1,2,1,7,8,1,2,1,1,,,,,,,,,,,1,2,4,2,2,,,8,3,,,2,,3,,,,3,,,,2,1,1,,2,1,,,,1,,,,,,,1,,,,,,1,1,2,4,1,1,3,3,2,4,,,,1,,1,1,,1,1,,,3,,,,,,,,,2,,,1,,,1,1,2,,5,2,2,,,2,,,,,,,2,,,,3,,2,2,1,,,,,,,,,,,,,,,,,,,,,,,,,,1,,,,1,4,4,21,,,,,,,,,,,14,,,,,,,11,,,,,,

kob,"Trans-New Guinea","Madang",,"Trans-New Guinea","Mek",,483.27797665,173,una,3,3,2,2,5,1,1,2,2,,,1,2,2,,,,,1,1,,,,,,,,,2,,4,3,1,1,1,,,4,,,,3,,3,,,,6,,,,2,1,3,9,2,4,,,,1,,,,,,,,,,,,,2,1,4,,2,1,2,3,1,1,,,,1,,1,1,,1,1,2,1,2,2,1,,,,,,1,6,2,,1,1,2,4,4,2,2,5,2,3,,,2,3,4,2,4,,2,2,1,7,,2,,,,,,,,,,,,,,,,5,,,,,,,,,,,,,,1,,,,1,4,4,7,3,,,,,,,,,,3,,,,4,4,1,11,,,,,,
kob,"Trans-New Guinea","Madang",,"Skou","Western Skou",,435.274948997,173,dum,1,3,1,2,1,1,1,2,,,,1,,3,,,,,1,1,,,,,4,1,5,2,,,,,,,,,,,,,,,,,,,,1,,,,2,,,9,,,,1,,,2,1,2,,,,,,,,,,,,,,,,,,,,,,,1,,1,1,5,,1,2,2,2,,,,,,,,,2,2,,,,2,,,2,1,2,2,1,,,2,,,,,,,2,1,7,,1,,,,,,,,,,,,,,,,,,,,,1,1,2,2,,,,,,2,,,,4,1,4,8,4,,,,,,,,,,4,,,,4,4,8,1,,,,,,
kob,"Trans-New Guinea","Madang",,"Trans-New Guinea","Angan",,334.931738637,173,ham,1,3,1,1,1,2,2,1,1,,,1,3,2,,,,,1,1,,,,,,,,,4,1,1,2,,,,,,4,,,,3,,3,,,,2,,,,1,8,6,,,,,,,1,,,,,,,,2,,,,,4,1,1,1,2,1,2,3,2,4,,,,1,,1,1,,1,,2,2,2,,,,,,,,1,2,2,,1,,2,1,1,2,2,5,2,2,,,2,,,,,,,1,2,1,,1,,,,,,,,,3,3,3,,,,,,,,,,,,,,,,,,,3,,,,2,4,4,20,,,,,,,,,,,5,,,,4,4,2,11,,,,,,
kob,"Trans-New Guinea","Madang",,"Torricelli","Kombio-Arapesh",,229.053415053,173,arp,2,3,2,2,2,1,1,2,3,2,,1,2,1,6,8,1,,1,1,1,5,1,3,1,2,5,2,5,1,1,3,5,2,3,2,,5,2,,1,3,,3,2,1,4,2,1,,,1,1,1,9,2,1,,,,,2,1,1,,,8,,,2,4,1,4,1,1,2,4,2,,,,1,1,4,5,1,2,,1,2,,2,3,1,1,1,,,,,,,,,2,2,5,4,,3,1,1,4,2,5,2,2,,1,2,3,4,3,2,,,2,3,2,,1,,3,1,2,3,4,,,1,,,1,,,,,,,,,1,1,1,1,,,,,,15,,1,,1,1,4,19,3,,15,,,1,4,3,7,3,,,,,,,,,,,,,,
kob,"Trans-New Guinea","Madang",,"Trans-New Guinea","Eastern Highlands",,176.618019166,173,ygr,1,2,3,2,2,1,3,3,,,,1,3,2,,,,,1,1,,,,,,,,,4,,,,,,,8,,,,4,2,,,,3,2,,,,,,,,,6,,,,,,3,,,,,,,,,1,4,1,3,4,,,,,,,,,,,,,1,,1,1,3,1,1,1,,2,2,1,,,,,4,,2,2,5,1,1,1,,,,2,,,,,,,,,,,,,1,,,,1,,2,2,2,,4,,,,,,,1,1,3,,,,,,,,,,,,,,,3,,,,2,4,4,20,,,,,,,,,,,5,,,,4,4,2,11,,,,,,
kob,"Trans-New Guinea","Madang",,"Trans-New Guinea","Engan",,158.240336423,173,kew,3,2,3,1,1,1,1,3,3,,,1,1,2,1,7,6,5,1,1,1,1,3,4,2,2,2,2,2,,1,2,1,1,1,2,,4,,5,5,3,,3,,,1,6,1,,,2,6,2,6,,8,,1,,4,2,1,1,,,,,,2,2,1,3,2,1,1,4,2,,3,,3,2,1,5,1,1,,1,1,,1,1,1,1,2,7,3,,2,,,,,2,2,2,1,5,1,4,4,4,2,2,2,1,,1,2,3,4,1,4,,2,1,1,7,,1,,2,1,2,,,,,3,1,1,1,2,2,,,,,,,1,1,1,1,,,,,,3,,,,2,4,4,20,,,,,,,,,,,5,,,,4,4,2,11,,,,,,
kob,"Trans-New Guinea","Madang",,"Trans-New Guinea","Madang",,128.295075176,173,tau,,,,,,,,,,,,,,,,,,,,,,,,,3,2,5,2,3,,,,,,,9,4,,,4,1,,,,2,3,1,6,,,,1,,,6,2,1,,,,1,2,1,2,,,,,2,,,,,2,1,2,,,,,,1,1,,,,1,,1,1,,1,1,2,1,2,7,2,2,,,,,,2,2,5,1,5,2,,,2,2,5,2,3,3,,2,3,4,,,,,2,1,7,,1,,,,,,,,1,,,,,,,,,,,,,1,1,1,1,,,,,,1,,,,1,4,4,7,3,,,,,,,,,,3,,,,4,4,1,11,,,,,,
kob,"Trans-New Guinea","Madang",,"Lower Sepik-Ramu","Lower Sepik",,103.063944828,173,yim,1,1,4,1,1,1,1,2,1,2,,1,2,1,2,8,1,1,3,1,,,,,1,2,5,2,4,1,1,2,5,2,3,2,6,4,,5,5,3,,3,3,1,2,6,1,,1,3,9,4,1,,6,1,1,1,,2,1,1,6,2,2,,3,,,,,2,1,4,1,2,1,2,1,1,1,1,5,1,,,1,1,6,1,1,3,2,,,,,,,,,,,,,1,,5,1,1,6,2,5,2,4,1,,2,3,4,3,4,3,4,1,2,5,,,4,3,1,1,,4,,1,3,2,1,,,,,3,,,,,3,2,1,2,,,,,,3,,,,2,4,4,20,,,,,,,,,,,20,,,,,,,,,,,,,
kob,"Trans-New Guinea","Madang",,"Trans-New Guinea","Madang",,0.0,173,kob,3,3,2,1,1,1,1,2,2,2,,1,2,1,6,8,1,5,1,1,,,,,4,4,5,2,2,,1,2,1,1,1,2,3,4,,4,1,3,,3,2,1,1,6,1,2,1,2,1,3,9,2,1,,1,,1,2,1,2,,,1,2,2,,,,,2,1,1,1,2,1,3,3,1,1,,,,1,,1,1,,1,1,2,2,2,7,5,,,,,2,2,2,2,,1,5,2,1,2,2,2,2,4,1,2,,2,3,4,8,5,1,3,1,1,7,1,1,3,2,2,2,3,4,4,4,3,1,2,,,,,5,,,,,1,1,1,1,,,,,,4,,,,4,2,4,20,,,,,,,,,,,6,,,,4,4,8,2,,,,,,
kob,"Trans-New Guinea","Madang",,"Trans-New Guinea","Madang",,99.4730690803,173,usa,1,2,2,2,1,1,1,1,3,2,,1,2,1,1,7,6,,1,1,,,,,1,1,1,2,,,1,2,1,1,1,,1,4,,2,,3,,3,,,1,6,,2,2,3,9,3,,,8,,,,,,,,,,,1,1,,,,,2,,,,2,1,2,3,1,1,1,5,3,1,,1,1,,1,1,2,2,2,,,,,,,,1,6,2,,1,,2,1,1,2,2,5,2,3,3,,2,3,4,1,4,,2,2,3,4,,6,3,2,2,2,,2,2,,,,,,,,,,,,,,2,2,1,1,,,,,,1,,,,1,4,4,7,3,,,,,,,,,,3,,,,4,4,1,11,,,,,,
kob,"Trans-New Guinea","Madang",,"Sepik","Sepik Hill",,123.953555307,173,ala,3,3,2,2,2,1,1,1,3,2,,1,3,1,1,6,5,,1,1,1,5,1,6,1,2,5,2,2,1,1,3,2,2,2,8,6,6,3,1,4,3,,3,2,1,5,3,1,,1,2,7,2,6,2,6,,1,,4,2,1,1,,,8,1,2,1,2,1,4,2,1,4,1,2,,,,1,1,1,5,1,1,,1,1,6,1,1,1,1,1,2,1,,,,,,2,6,2,,1,1,1,1,,2,2,5,2,2,3,,2,3,4,1,4,,4,2,3,2,,6,4,3,1,1,,4,4,,3,3,3,,,,,3,,,,,1,1,1,1,,,,,,1,,,,1,4,4,7,3,,,,,,,,,,3,,,,4,4,1,11,,,,,,
kob,"Trans-New Guinea","Madang",,"Trans-New Guinea","Madang",,138.729555749,173,ame,5,2,3,2,3,1,1,2,3,2,,1,2,1,1,5,3,5,1,3,1,5,1,4,1,2,5,2,2,1,1,2,1,1,1,6,3,5,4,4,1,3,,3,3,1,1,6,1,2,1,2,1,1,9,2,5,1,1,2,2,2,1,4,4,2,2,2,2,2,2,1,2,2,5,4,1,2,3,3,3,1,1,4,5,2,1,,1,1,3,1,1,2,2,2,1,,1,,,,,2,2,2,2,1,2,2,1,1,2,,5,2,3,1,1,2,3,4,1,4,1,2,2,3,3,,1,4,2,1,2,2,2,2,2,2,3,1,1,,,,,,,,,1,1,1,1,,,,,2,15,,18,,1,2,4,19,,,,,,,,,,,17,,,14,4,2,3,4,,,,,,
kob,"Trans-New Guinea","Madang",,"Trans-New Guinea","Eastern Highlands",,170.496235295,173,hua,,,,,,,,,,,,,,,,,,,,,,,,,3,3,3,2,3,,,,,,,,,,,,,,,,3,,,6,,,,2,7,4,1,2,,,1,,3,2,1,3,,,8,,,,,,,2,,,,,,,,,,,,,1,,1,1,,1,1,1,1,1,2,1,,,,,,,6,2,,1,1,1,,,2,2,5,2,3,,,2,,,,,,,1,,,,2,,,,,,,,,,,,,,,,,,,,,1,1,1,1,,,,,,3,,,,2,4,4,20,,,,,,,,,,,5,,,,4,4,2,11,,,,,,
kob,"Trans-New Guinea","Madang",,"Trans-New Guinea","Madang",,198.988243276,173,wsk,,,,,,,,,,,,,,,,,,,,,,,,,3,1,5,2,2,1,,,,,,,,,,1,1,,,,,,,6,,,,4,,,9,2,,,,,1,2,1,2,,,,2,,,,,,2,,,,,,,,,,,,,1,,1,1,,1,1,2,2,2,,,,,,,,2,,2,,1,,2,,,2,,2,2,1,,,2,,,,,,,2,,,,1,4,2,1,2,,,,,,,,,,,,6,,,,,3,2,1,2,,,,,,1,,,,1,4,4,7,3,,,,,,,,,,3,,,,4,4,1,11,,,,,,
kob,"Trans-New Guinea","Madang",,"Sepik","Ram",,312.917449118,173,awt,,,,,,,,,,,,,,,6,8,1,1,,,,,,,2,2,2,2,3,,,,,,,2,,,1,1,2,,,,,,,3,,,,1,,,6,1,1,,1,,4,2,1,1,,,,1,,,,,,2,,,,,,,,,,,,,1,,1,1,6,1,1,2,1,2,2,1,,,,,,2,2,2,2,1,1,2,,,1,5,1,1,1,,,2,,,,,,,1,,,,1,3,2,1,2,,,,,,,,,,,,,,,,,1,1,1,1,,,,,,3,,,,2,4,4,20,,,,,,,,,,,5,,,,4,4,2,11,,,,,,
kob,"Trans-New Guinea","Madang",,"Border","Border",,406.020424204,173,imo,1,3,1,1,1,1,1,2,3,2,,1,3,1,,,,,1,1,1,1,1,6,3,3,3,2,,,4,1,1,1,1,9,1,2,,5,5,4,,1,2,1,1,6,1,,1,2,5,2,6,2,1,1,1,2,4,2,1,2,6,4,8,,2,1,1,1,3,2,4,4,4,2,1,2,3,1,1,4,5,2,,,1,1,,1,1,2,6,2,7,3,,2,,,,3,,,,1,5,2,6,6,1,5,1,1,1,1,4,2,3,4,3,4,,,2,3,4,,1,,2,1,2,,4,4,1,,1,1,,,,,6,,,,,1,1,1,1,,,,,,1,,,,1,4,4,21,,,,,,,,,,,18,,,,,,,,,,,,,
kob,"Trans-New Guinea","Madang",,"Trans-New Guinea","Binanderean",,456.953190534,173,sue,5,2,2,2,2,1,1,1,3,2,,1,1,2,,,,,1,1,,,,,4,2,5,2,2,,2,2,1,1,1,,2,7,,,,5,,5,,,,6,2,,1,2,4,3,1,,,,1,,4,2,1,1,,,,,1,2,2,1,4,2,1,,4,2,2,,,2,4,1,5,1,1,,1,1,,1,1,2,2,2,,,,,,,,,6,2,1,1,,2,4,1,2,5,2,2,1,1,,2,3,4,8,5,,,,3,1,,2,,,,,,,,1,,,,,,,,,,,,,,,,,,,,,,1,,,,1,4,4,21,,,,,,,,,,,14,,,,,,,11,,,,,,

arp,"Torricelli","Kombio-Arapesh",,"Trans-New Guinea","Dani",,490.287910035,154,dni,1,3,1,1,1,1,1,2,2,,,1,2,1,7,8,1,1,1,1,1,5,1,4,1,3,5,2,2,,1,2,1,1,1,,,5,1,5,5,3,,3,,,3,6,1,,,3,6,2,1,2,,,,,1,1,1,2,,,,,,1,2,1,4,2,1,4,1,2,1,2,2,2,4,4,5,1,1,,1,1,,1,1,,2,,1,,1,,,,,,6,,5,1,2,,4,4,2,2,5,2,3,,1,2,3,4,3,2,,,2,3,1,,2,,,,,,4,,,3,3,2,,,,,,,,,,1,1,1,1,,,,,,2,,,,4,1,4,8,4,,,,,,,,,,4,,,,4,4,8,1,,,,,,
arp,"Torricelli","Kombio-Arapesh",,"Trans-New Guinea","Eastern Highlands",,399.017437737,154,hua,,,,,,,,,,,,,,,,,,,,,,,,,3,3,3,2,3,,,,,,,,,,,,,,,,3,,,6,,,,2,7,4,1,2,,,1,,3,2,1,3,,,8,,,,,,,2,,,,,,,,,,,,,1,,1,1,,1,1,1,1,1,2,1,,,,,,,6,2,,1,1,1,,,2,2,5,2,3,,,2,,,,,,,1,,,,2,,,,,,,,,,,,,,,,,,,,,1,1,1,1,,,,,,3,,,,2,4,4,20,,,,,,,,,,,5,,,,4,4,2,11,,,,,,
arp,"Torricelli","Kombio-Arapesh",,"Trans-New Guinea","Madang",,349.462132383,154,tau,,,,,,,,,,,,,,,,,,,,,,,,,3,2,5,2,3,,,,,,,9,4,,,4,1,,,,2,3,1,6,,,,1,,,6,2,1,,,,1,2,1,2,,,,,2,,,,,2,1,2,,,,,,1,1,,,,1,,1,1,,1,1,2,1,2,7,2,2,,,,,,2,2,5,1,5,2,,,2,2,5,2,3,3,,2,3,4,,,,,2,1,7,,1,,,,,,,,1,,,,,,,,,,,,,1,1,1,1,,,,,,1,,,,1,4,4,7,3,,,,,,,,,,3,,,,4,4,1,11,,,,,,
arp,"Torricelli","Kombio-Arapesh",,"Trans-New Guinea","Madang",,334.631879305,154,wsk,,,,,,,,,,,,,,,,,,,,,,,,,3,1,5,2,2,1,,,,,,,,,,1,1,,,,,,,6,,,,4,,,9,2,,,,,1,2,1,2,,,,2,,,,,,2,,,,,,,,,,,,,1,,1,1,,1,1,2,2,2,,,,,,,,2,,2,,1,,2,,,2,,2,2,1,,,2,,,,,,,2,,,,1,4,2,1,2,,,,,,,,,,,,6,,,,,3,2,1,2,,,,,,1,,,,1,4,4,7,3,,,,,,,,,,3,,,,4,4,1,11,,,,,,
arp,"Torricelli","Kombio-Arapesh",,"Sentani","Sentani",,303.200812137,154,snt,1,3,1,2,1,1,1,1,3,,,1,,,1,3,3,1,1,1,,,,,,,,,2,,1,2,1,1,1,9,,4,,,,3,,3,,,2,6,1,,,2,1,1,9,,,,1,,4,2,1,3,,,,,2,,,,,2,1,2,1,2,,3,,1,1,4,5,1,1,,1,1,,1,1,2,1,2,,,,,,,,2,,2,,1,,2,,,2,,5,2,2,,,2,,,,,,,1,2,1,,,,2,1,2,,,,,,,,,,,,,,,,,1,1,1,1,,,,,,3,,,,2,4,4,20,,,,,,,,,,,5,,,,4,4,2,11,,,,,,
arp,"Torricelli","Kombio-Arapesh",,"Trans-New Guinea","Madang",,229.053415053,154,kob,3,3,2,1,1,1,1,2,2,2,,1,2,1,6,8,1,5,1,1,,,,,4,4,5,2,2,,1,2,1,1,1,2,3,4,,4,1,3,,3,2,1,1,6,1,2,1,2,1,3,9,2,1,,1,,1,2,1,2,,,1,2,2,,,,,2,1,1,1,2,1,3,3,1,1,,,,1,,1,1,,1,1,2,2,2,7,5,,,,,2,2,2,2,,1,5,2,1,2,2,2,2,4,1,2,,2,3,4,8,5,1,3,1,1,7,1,1,3,2,2,2,3,4,4,4,3,1,2,,,,,5,,,,,1,1,1,1,,,,,,4,,,,4,2,4,20,,,,,,,,,,,6,,,,4,4,8,2,,,,,,
arp,"Torricelli","Kombio-Arapesh",,"Border","Border",,222.492839101,154,imo,1,3,1,1,1,1,1,2,3,2,,1,3,1,,,,,1,1,1,1,1,6,3,3,3,2,,,4,1,1,1,1,9,1,2,,5,5,4,,1,2,1,1,6,1,,1,2,5,2,6,2,1,1,1,2,4,2,1,2,6,4,8,,2,1,1,1,3,2,4,4,4,2,1,2,3,1,1,4,5,2,,,1,1,,1,1,2,6,2,7,3,,2,,,,3,,,,1,5,2,6,6,1,5,1,1,1,1,4,2,3,4,3,4,,,2,3,4,,1,,2,1,2,,4,4,1,,1,1,,,,,6,,,,,1,1,1,1,,,,,,1,,,,1,4,4,21,,,,,,,,,,,18,,,,,,,,,,,,,
arp,"Torricelli","Kombio-Arapesh",,"Sepik","Sepik Hill",,134.708284727,154,ala,3,3,2,2,2,1,1,1,3,2,,1,3,1,1,6,5,,1,1,1,5,1,6,1,2,5,2,2,1,1,3,2,2,2,8,6,6,3,1,4,3,,3,2,1,5,3,1,,1,2,7,2,6,2,6,,1,,4,2,1,1,,,8,1,2,1,2,1,4,2,1,4,1,2,,,,1,1,1,5,1,1,,1,1,6,1,1,1,1,1,2,1,,,,,,2,6,2,,1,1,1,1,,2,2,5,2,2,3,,2,3,4,1,4,,4,2,3,2,,6,4,3,1,1,,4,4,,3,3,3,,,,,3,,,,,1,1,1,1,,,,,,1,,,,1,4,4,7,3,,,,,,,,,,3,,,,4,4,1,11,,,,,,
arp,"Torricelli","Kombio-Arapesh",,"Torricelli","Kombio-Arapesh",,0.0,154,arp,2,3,2,2,2,1,1,2,3,2,,1,2,1,6,8,1,,1,1,1,5,1,3,1,2,5,2,5,1,1,3,5,2,3,2,,5,2,,1,3,,3,2,1,4,2,1,,,1,1,1,9,2,1,,,,,2,1,1,,,8,,,2,4,1,4,1,1,2,4,2,,,,1,1,4,5,1,2,,1,2,,2,3,1,1,1,,,,,,,,,2,2,5,4,,3,1,1,4,2,5,2,2,,1,2,3,4,3,2,,,2,3,2,,1,,3,1,2,3,4,,,1,,,1,,,,,,,,,1,1,1,1,,,,,,15,,1,,1,1,4,19,3,,15,,,1,4,3,7,3,,,,,,,,,,,,,,
arp,"Torricelli","Kombio-Arapesh",,"Sepik","Ram",,130.130191697,154,awt,,,,,,,,,,,,,,,6,8,1,1,,,,,,,2,2,2,2,3,,,,,,,2,,,1,1,2,,,,,,,3,,,,1,,,6,1,1,,1,,4,2,1,1,,,,1,,,,,,2,,,,,,,,,,,,,1,,1,1,6,1,1,2,1,2,2,1,,,,,,2,2,2,2,1,1,2,,,1,5,1,1,1,,,2,,,,,,,1,,,,1,3,2,1,2,,,,,,,,,,,,,,,,,1,1,1,1,,,,,,3,,,,2,4,4,20,,,,,,,,,,,5,,,,4,4,2,11,,,,,,
arp,"Torricelli","Kombio-Arapesh",,"Lower Sepik-Ramu","Lower Sepik",,140.04381885,154,yim,1,1,4,1,1,1,1,2,1,2,,1,2,1,2,8,1,1,3,1,,,,,1,2,5,2,4,1,1,2,5,2,3,2,6,4,,5,5,3,,3,3,1,2,6,1,,1,3,9,4,1,,6,1,1,1,,2,1,1,6,2,2,,3,,,,,2,1,4,1,2,1,2,1,1,1,1,5,1,,,1,1,6,1,1,3,2,,,,,,,,,,,,,1,,5,1,1,6,2,5,2,4,1,,2,3,4,3,4,3,4,1,2,5,,,4,3,1,1,,4,,1,3,2,1,,,,,3,,,,,3,2,1,2,,,,,,3,,,,2,4,4,20,,,,,,,,,,,20,,,,,,,,,,,,,
arp,"Torricelli","Kombio-Arapesh",,"Skou","Western Skou",,224.822098984,154,dum,1,3,1,2,1,1,1,2,,,,1,,3,,,,,1,1,,,,,4,1,5,2,,,,,,,,,,,,,,,,,,,,1,,,,2,,,9,,,,1,,,2,1,2,,,,,,,,,,,,,,,,,,,,,,,1,,1,1,5,,1,2,2,2,,,,,,,,,2,2,,,,2,,,2,1,2,2,1,,,2,,,,,,,2,1,7,,1,,,,,,,,,,,,,,,,,,,,,1,1,2,2,,,,,,2,,,,4,1,4,8,4,,,,,,,,,,4,,,,4,4,8,1,,,,,,
arp,"Torricelli","Kombio-Arapesh",,"Trans-New Guinea","Madang",,268.867299899,154,usa,1,2,2,2,1,1,1,1,3,2,,1,2,1,1,7,6,,1,1,,,,,1,1,1,2,,,1,2,1,1,1,,1,4,,2,,3,,3,,,1,6,,2,2,3,9,3,,,8,,,,,,,,,,,1,1,,,,,2,,,,2,1,2,3,1,1,1,5,3,1,,1,1,,1,1,2,2,2,,,,,,,,1,6,2,,1,,2,1,1,2,2,5,2,3,3,,2,3,4,1,4,,2,2,3,4,,6,3,2,2,2,,2,2,,,,,,,,,,,,,,2,2,1,1,,,,,,1,,,,1,4,4,7,3,,,,,,,,,,3,,,,4,4,1,11,,,,,,
arp,"Torricelli","Kombio-Arapesh",,"Trans-New Guinea","Madang",,333.331633231,154,ame,5,2,3,2,3,1,1,2,3,2,,1,2,1,1,5,3,5,1,3,1,5,1,4,1,2,5,2,2,1,1,2,1,1,1,6,3,5,4,4,1,3,,3,3,1,1,6,1,2,1,2,1,1,9,2,5,1,1,2,2,2,1,4,4,2,2,2,2,2,2,1,2,2,5,4,1,2,3,3,3,1,1,4,5,2,1,,1,1,3,1,1,2,2,2,1,,1,,,,,2,2,2,2,1,2,2,1,1,2,,5,2,3,1,1,2,3,4,1,4,1,2,2,3,3,,1,4,2,1,2,2,2,2,2,2,3,1,1,,,,,,,,,1,1,1,1,,,,,2,15,,18,,1,2,4,19,,,,,,,,,,,17,,,14,4,2,3,4,,,,,,
arp,"Torricelli","Kombio-Arapesh",,"Trans-New Guinea","Engan",,345.27943265,154,kew,3,2,3,1,1,1,1,3,3,,,1,1,2,1,7,6,5,1,1,1,1,3,4,2,2,2,2,2,,1,2,1,1,1,2,,4,,5,5,3,,3,,,1,6,1,,,2,6,2,6,,8,,1,,4,2,1,1,,,,,,2,2,1,3,2,1,1,4,2,,3,,3,2,1,5,1,1,,1,1,,1,1,1,1,2,7,3,,2,,,,,2,2,2,1,5,1,4,4,4,2,2,2,1,,1,2,3,4,1,4,,2,1,1,7,,1,,2,1,2,,,,,3,1,1,1,2,2,,,,,,,1,1,1,1,,,,,,3,,,,2,4,4,20,,,,,,,,,,,5,,,,4,4,2,11,,,,,,
arp,"Torricelli","Kombio-Arapesh",,"Trans-New Guinea","Mek",,375.716495056,154,una,3,3,2,2,5,1,1,2,2,,,1,2,2,,,,,1,1,,,,,,,,,2,,4,3,1,1,1,,,4,,,,3,,3,,,,6,,,,2,1,3,9,2,4,,,,1,,,,,,,,,,,,,2,1,4,,2,1,2,3,1,1,,,,1,,1,1,,1,1,2,1,2,2,1,,,,,,1,6,2,,1,1,2,4,4,2,2,5,2,3,,,2,3,4,2,4,,2,2,1,7,,2,,,,,,,,,,,,,,,,5,,,,,,,,,,,,,,1,,,,1,4,4,7,3,,,,,,,,,,3,,,,4,4,1,11,,,,,,
arp,"Torricelli","Kombio-Arapesh",,"Trans-New Guinea","Eastern Highlands",,404.637486291,154,ygr,1,2,3,2,2,1,3,3,,,,1,3,2,,,,,1,1,,,,,,,,,4,,,,,,,8,,,,4,2,,,,3,2,,,,,,,,,6,,,,,,3,,,,,,,,,1,4,1,3,4,,,,,,,,,,,,,1,,1,1,3,1,1,1,,2,2,1,,,,,4,,2,2,5,1,1,1,,,,2,,,,,,,,,,,,,1,,,,1,,2,2,2,,4,,,,,,,1,1,3,,,,,,,,,,,,,,,3,,,,2,4,4,20,,,,,,,,,,,5,,,,4,4,2,11,,,,,,

awt,"Sepik","Ram",,"Trans-New Guinea","Eastern Highlands",,479.409014443,145,hua,,,,,,,,,,,,,,,,,,,,,,,,,3,3,3,2,3,,,,,,,,,,,,,,,,3,,,6,,,,2,7,4,1,2,,,1,,3,2,1,3,,,8,,,,,,,2,,,,,,,,,,,,,1,,1,1,,1,1,1,1,1,2,1,,,,,,,6,2,,1,1,1,,,2,2,5,2,3,,,2,,,,,,,1,,,,2,,,,,,,,,,,,,,,,,,,,,1,1,1,1,,,,,,3,,,,2,4,4,20,,,,,,,,,,,5,,,,4,4,2,11,,,,,,
awt,"Sepik","Ram",,"Trans-New Guinea","Asmat-Kamoro",,442.628744846,145,asm,3,2,1,1,1,1,1,1,3,2,,1,2,1,7,8,6,2,1,1,1,5,1,3,1,4,5,2,2,1,1,3,1,1,1,2,,7,3,2,,3,,3,4,,4,6,1,,1,2,1,1,9,,,,,,4,1,1,2,,,,1,,2,2,1,3,2,4,,4,2,1,2,3,2,2,4,5,1,1,,1,1,,5,1,2,1,2,2,1,,,,,,2,2,2,2,,1,2,1,,2,2,5,4,3,,2,2,3,4,2,4,,2,2,3,2,,1,3,2,2,2,,,,,,,,,,,,,,,,,1,1,3,2,,,,,,2,,,,4,1,4,8,4,,,,,,,,,,4,,,,4,4,8,1,,,,,,
awt,"Sepik","Ram",,"Trans-New Guinea","Madang",,438.353004963,145,ame,5,2,3,2,3,1,1,2,3,2,,1,2,1,1,5,3,5,1,3,1,5,1,4,1,2,5,2,2,1,1,2,1,1,1,6,3,5,4,4,1,3,,3,3,1,1,6,1,2,1,2,1,1,9,2,5,1,1,2,2,2,1,4,4,2,2,2,2,2,2,1,2,2,5,4,1,2,3,3,3,1,1,4,5,2,1,,1,1,3,1,1,2,2,2,1,,1,,,,,2,2,2,2,1,2,2,1,1,2,,5,2,3,1,1,2,3,4,1,4,1,2,2,3,3,,1,4,2,1,2,2,2,2,2,2,3,1,1,,,,,,,,,1,1,1,1,,,,,2,15,,18,,1,2,4,19,,,,,,,,,,,17,,,14,4,2,3,4,,,,,,
awt,"Sepik","Ram",,"Trans-New Guinea","Madang",,377.667826153,145,usa,1,2,2,2,1,1,1,1,3,2,,1,2,1,1,7,6,,1,1,,,,,1,1,1,2,,,1,2,1,1,1,,1,4,,2,,3,,3,,,1,6,,2,2,3,9,3,,,8,,,,,,,,,,,1,1,,,,,2,,,,2,1,2,3,1,1,1,5,3,1,,1,1,,1,1,2,2,2,,,,,,,,1,6,2,,1,,2,1,1,2,2,5,2,3,3,,2,3,4,1,4,,2,2,3,4,,6,3,2,2,2,,2,2,,,,,,,,,,,,,,2,2,1,1,,,,,,1,,,,1,4,4,7,3,,,,,,,,,,3,,,,4,4,1,11,,,,,,
awt,"Sepik","Ram",,"Trans-New Guinea","Madang",,312.917449118,145,kob,3,3,2,1,1,1,1,2,2,2,,1,2,1,6,8,1,5,1,1,,,,,4,4,5,2,2,,1,2,1,1,1,2,3,4,,4,1,3,,3,2,1,1,6,1,2,1,2,1,3,9,2,1,,1,,1,2,1,2,,,1,2,2,,,,,2,1,1,1,2,1,3,3,1,1,,,,1,,1,1,,1,1,2,2,2,7,5,,,,,2,2,2,2,,1,5,2,1,2,2,2,2,4,1,2,,2,3,4,8,5,1,3,1,1,7,1,1,3,2,2,2,3,4,4,4,3,1,2,,,,,5,,,,,1,1,1,1,,,,,,4,,,,4,2,4,20,,,,,,,,,,,6,,,,4,4,8,2,,,,,,
awt,"Sepik","Ram",,"Lower Sepik-Ramu","Lower Sepik",,209.908420273,145,yim,1,1,4,1,1,1,1,2,1,2,,1,2,1,2,8,1,1,3,1,,,,,1,2,5,2,4,1,1,2,5,2,3,2,6,4,,5,5,3,,3,3,1,2,6,1,,1,3,9,4,1,,6,1,1,1,,2,1,1,6,2,2,,3,,,,,2,1,4,1,2,1,2,1,1,1,1,5,1,,,1,1,6,1,1,3,2,,,,,,,,,,,,,1,,5,1,1,6,2,5,2,4,1,,2,3,4,3,4,3,4,1,2,5,,,4,3,1,1,,4,,1,3,2,1,,,,,3,,,,,3,2,1,2,,,,,,3,,,,2,4,4,20,,,,,,,,,,,20,,,,,,,,,,,,,
awt,"Sepik","Ram",,"Sepik","Sepik Hill",,190.728836363,145,ala,3,3,2,2,2,1,1,1,3,2,,1,3,1,1,6,5,,1,1,1,5,1,6,1,2,5,2,2,1,1,3,2,2,2,8,6,6,3,1,4,3,,3,2,1,5,3,1,,1,2,7,2,6,2,6,,1,,4,2,1,1,,,8,1,2,1,2,1,4,2,1,4,1,2,,,,1,1,1,5,1,1,,1,1,6,1,1,1,1,1,2,1,,,,,,2,6,2,,1,1,1,1,,2,2,5,2,2,3,,2,3,4,1,4,,4,2,3,2,,6,4,3,1,1,,4,4,,3,3,3,,,,,3,,,,,1,1,1,1,,,,,,1,,,,1,4,4,7,3,,,,,,,,,,3,,,,4,4,1,11,,,,,,
awt,"Sepik","Ram",,"Skou","Western Skou",,126.709821042,145,dum,1,3,1,2,1,1,1,2,,,,1,,3,,,,,1,1,,,,,4,1,5,2,,,,,,,,,,,,,,,,,,,,1,,,,2,,,9,,,,1,,,2,1,2,,,,,,,,,,,,,,,,,,,,,,,1,,1,1,5,,1,2,2,2,,,,,,,,,2,2,,,,2,,,2,1,2,2,1,,,2,,,,,,,2,1,7,,1,,,,,,,,,,,,,,,,,,,,,1,1,2,2,,,,,,2,,,,4,1,4,8,4,,,,,,,,,,4,,,,4,4,8,1,,,,,,
awt,"Sepik","Ram",,"Sepik","Ram",,0.0,145,awt,,,,,,,,,,,,,,,6,8,1,1,,,,,,,2,2,2,2,3,,,,,,,2,,,1,1,2,,,,,,,3,,,,1,,,6,1,1,,1,,4,2,1,1,,,,1,,,,,,2,,,,,,,,,,,,,1,,1,1,6,1,1,2,1,2,2,1,,,,,,2,2,2,2,1,1,2,,,1,5,1,1,1,,,2,,,,,,,1,,,,1,3,2,1,2,,,,,,,,,,,,,,,,,1,1,1,1,,,,,,3,,,,2,4,4,20,,,,,,,,,,,5,,,,4,4,2,11,,,,,,
awt,"Sepik","Ram",,"Border","Border",,96.5807364524,145,imo,1,3,1,1,1,1,1,2,3,2,,1,3,1,,,,,1,1,1,1,1,6,3,3,3,2,,,4,1,1,1,1,9,1,2,,5,5,4,,1,2,1,1,6,1,,1,2,5,2,6,2,1,1,1,2,4,2,1,2,6,4,8,,2,1,1,1,3,2,4,4,4,2,1,2,3,1,1,4,5,2,,,1,1,,1,1,2,6,2,7,3,,2,,,,3,,,,1,5,2,6,6,1,5,1,1,1,1,4,2,3,4,3,4,,,2,3,4,,1,,2,1,2,,4,4,1,,1,1,,,,,6,,,,,1,1,1,1,,,,,,1,,,,1,4,4,21,,,,,,,,,,,18,,,,,,,,,,,,,
awt,"Sepik","Ram",,"Torricelli","Kombio-Arapesh",,130.130191697,145,arp,2,3,2,2,2,1,1,2,3,2,,1,2,1,6,8,1,,1,1,1,5,1,3,1,2,5,2,5,1,1,3,5,2,3,2,,5,2,,1,3,,3,2,1,4,2,1,,,1,1,1,9,2,1,,,,,2,1,1,,,8,,,2,4,1,4,1,1,2,4,2,,,,1,1,4,5,1,2,,1,2,,2,3,1,1,1,,,,,,,,,2,2,5,4,,3,1,1,4,2,5,2,2,,1,2,3,4,3,2,,,2,3,2,,1,,3,1,2,3,4,,,1,,,1,,,,,,,,,1,1,1,1,,,,,,15,,1,,1,1,4,19,3,,15,,,1,4,3,7,3,,,,,,,,,,,,,,
awt,"Sepik","Ram",,"Sentani","Sentani",,192.630133349,145,snt,1,3,1,2,1,1,1,1,3,,,1,,,1,3,3,1,1,1,,,,,,,,,2,,1,2,1,1,1,9,,4,,,,3,,3,,,2,6,1,,,2,1,1,9,,,,1,,4,2,1,3,,,,,2,,,,,2,1,2,1,2,,3,,1,1,4,5,1,1,,1,1,,1,1,2,1,2,,,,,,,,2,,2,,1,,2,,,2,,5,2,2,,,2,,,,,,,1,2,1,,,,2,1,2,,,,,,,,,,,,,,,,,1,1,1,1,,,,,,3,,,,2,4,4,20,,,,,,,,,,,5,,,,4,4,2,11,,,,,,
awt,"Sepik","Ram",,"Trans-New Guinea","Mek",,252.409823363,145,una,3,3,2,2,5,1,1,2,2,,,1,2,2,,,,,1,1,,,,,,,,,2,,4,3,1,1,1,,,4,,,,3,,3,,,,6,,,,2,1,3,9,2,4,,,,1,,,,,,,,,,,,,2,1,4,,2,1,2,3,1,1,,,,1,,1,1,,1,1,2,1,2,2,1,,,,,,1,6,2,,1,1,2,4,4,2,2,5,2,3,,,2,3,4,2,4,,2,2,1,7,,2,,,,,,,,,,,,,,,,5,,,,,,,,,,,,,,1,,,,1,4,4,7,3,,,,,,,,,,3,,,,4,4,1,11,,,,,,
awt,"Sepik","Ram",,"Trans-New Guinea","Dani",,361.03840209,145,dni,1,3,1,1,1,1,1,2,2,,,1,2,1,7,8,1,1,1,1,1,5,1,4,1,3,5,2,2,,1,2,1,1,1,,,5,1,5,5,3,,3,,,3,6,1,,,3,6,2,1,2,,,,,1,1,1,2,,,,,,1,2,1,4,2,1,4,1,2,1,2,2,2,4,4,5,1,1,,1,1,,1,1,,2,,1,,1,,,,,,6,,5,1,2,,4,4,2,2,5,2,3,,1,2,3,4,3,2,,,2,3,1,,2,,,,,,4,,,3,3,2,,,,,,,,,,1,1,1,1,,,,,,2,,,,4,1,4,8,4,,,,,,,,,,4,,,,4,4,8,1,,,,,,
awt,"Sepik","Ram",,"Trans-New Guinea","Engan",,382.635923114,145,kew,3,2,3,1,1,1,1,3,3,,,1,1,2,1,7,6,5,1,1,1,1,3,4,2,2,2,2,2,,1,2,1,1,1,2,,4,,5,5,3,,3,,,1,6,1,,,2,6,2,6,,8,,1,,4,2,1,1,,,,,,2,2,1,3,2,1,1,4,2,,3,,3,2,1,5,1,1,,1,1,,1,1,1,1,2,7,3,,2,,,,,2,2,2,1,5,1,4,4,4,2,2,2,1,,1,2,3,4,1,4,,2,1,1,7,,1,,2,1,2,,,,,3,1,1,1,2,2,,,,,,,1,1,1,1,,,,,,3,,,,2,4,4,20,,,,,,,,,,,5,,,,4,4,2,11,,,,,,
awt,"Sepik","Ram",,"Trans-New Guinea","Madang",,441.019968576,145,tau,,,,,,,,,,,,,,,,,,,,,,,,,3,2,5,2,3,,,,,,,9,4,,,4,1,,,,2,3,1,6,,,,1,,,6,2,1,,,,1,2,1,2,,,,,2,,,,,2,1,2,,,,,,1,1,,,,1,,1,1,,1,1,2,1,2,7,2,2,,,,,,2,2,5,1,5,2,,,2,2,5,2,3,3,,2,3,4,,,,,2,1,7,,1,,,,,,,,1,,,,,,,,,,,,,1,1,1,1,,,,,,1,,,,1,4,4,7,3,,,,,,,,,,3,,,,4,4,1,11,,,,,,
awt,"Sepik","Ram",,"Trans-New Guinea","Madang",,455.22634976,145,wsk,,,,,,,,,,,,,,,,,,,,,,,,,3,1,5,2,2,1,,,,,,,,,,1,1,,,,,,,6,,,,4,,,9,2,,,,,1,2,1,2,,,,2,,,,,,2,,,,,,,,,,,,,1,,1,1,,1,1,2,2,2,,,,,,,,2,,2,,1,,2,,,2,,2,2,1,,,2,,,,,,,2,,,,1,4,2,1,2,,,,,,,,,,,,6,,,,,3,2,1,2,,,,,,1,,,,1,4,4,7,3,,,,,,,,,,3,,,,4,4,1,11,,,,,,
awt,"Sepik","Ram",,"Trans-New Guinea","Eastern Highlands",,486.553786889,145,ygr,1,2,3,2,2,1,3,3,,,,1,3,2,,,,,1,1,,,,,,,,,4,,,,,,,8,,,,4,2,,,,3,2,,,,,,,,,6,,,,,,3,,,,,,,,,1,4,1,3,4,,,,,,,,,,,,,1,,1,1,3,1,1,1,,2,2,1,,,,,4,,2,2,5,1,1,1,,,,2,,,,,,,,,,,,,1,,,,1,,2,2,2,,4,,,,,,,1,1,3,,,,,,,,,,,,,,,3,,,,2,4,4,20,,,,,,,,,,,5,,,,4,4,2,11,,,,,,

